x y label
-7.59507942199707 17.218441009521484 4
21.91978645324707 7.664976596832275 7
44.536678314208984 5.907482624053955 8
-2.879279375076294 -62.31515121459961 3
26.83245086669922 3.3126416206359863 7
-64.63207244873047 10.9683198928833 9
2.780463218688965 -10.480876922607422 0
-5.592030048370361 -17.019685745239258 9
-1.0356334447860718 -26.776893615722656 0
1.843390703201294 -9.722356796264648 9
15.343799591064453 -45.771270751953125 9
15.966496467590332 8.536739349365234 7
-64.36468505859375 8.070080757141113 9
42.70703125 23.700754165649414 8
3.7583680152893066 -25.348247528076172 0
30.311845779418945 -13.523801803588867 0
-27.096620559692383 44.8333740234375 9
-65.48149108886719 -4.36535120010376 9
21.478620529174805 -3.5670900344848633 0
-69.41072845458984 3.603914260864258 9
38.92801284790039 35.613346099853516 8
-34.59579086303711 -24.18507194519043 1
-28.299922943115234 -8.038994789123535 0
-41.111454010009766 -33.64490509033203 9
49.75644302368164 8.773418426513672 8
7.184049606323242 22.794382095336914 7
27.657733917236328 -15.215086936950684 0
24.534950256347656 -35.20578384399414 9
-12.728669166564941 6.523392200469971 9
-8.698787689208984 -2.6967766284942627 4
-5.203277587890625 54.3192024230957 0
2.090308666229248 42.68992233276367 4
-37.30656051635742 11.388208389282227 1
46.684906005859375 -14.392753601074219 9
13.148577690124512 2.3599982261657715 4
10.303848266601562 26.227802276611328 7
-23.27901268005371 34.581233978271484 2
-1.9660065174102783 38.36061477661133 2
47.30828857421875 24.620498657226562 8
23.577497482299805 7.228651523590088 7
3.174731731414795 -36.76860046386719 0
-8.810254096984863 -23.022245407104492 4
-30.490928649902344 -24.116252899169922 1
-34.443992614746094 -13.910768508911133 1
40.63032150268555 -7.4997124671936035 9
8.674933433532715 -48.91520309448242 3
43.379764556884766 5.7496018409729 9
24.870155334472656 13.060373306274414 8
46.937435150146484 15.63218879699707 1
-1.3822826147079468 8.32327938079834 1
7.306164264678955 43.37247848510742 4
2.694187879562378 -8.310843467712402 9
4.004454612731934 45.339290618896484 4
54.402252197265625 8.498785972595215 8
-9.192172050476074 -9.905420303344727 5
-33.72078323364258 -15.127218246459961 1
-1.0116888284683228 -0.09124605357646942 8
26.235382080078125 -15.116693496704102 0
-64.24181365966797 5.681841850280762 9
-12.284473419189453 -4.9947428703308105 5
-25.45441436767578 36.08427429199219 2
-3.9361207485198975 -64.08161926269531 3
13.048080444335938 0.42436861991882324 4
22.8078670501709 46.00645446777344 9
-36.772640228271484 7.8207855224609375 1
23.80682373046875 -13.067304611206055 0
-31.923049926757812 -24.733726501464844 1
-44.47783279418945 2.4047536849975586 1
-4.227102279663086 -54.32744216918945 3
2.4645638465881348 -58.02632522583008 3
-69.4832534790039 1.177381992340088 9
7.246206283569336 25.866302490234375 2
-0.047115568071603775 11.688417434692383 9
38.81388854980469 11.822508811950684 8
37.311317443847656 9.637961387634277 8
6.859309673309326 22.735042572021484 7
23.44671630859375 -36.968875885009766 9
-10.995018005371094 3.021183729171753 4
16.21500015258789 31.029743194580078 7
23.72043228149414 -37.3018913269043 9
26.14097023010254 46.30628204345703 9
-12.576705932617188 45.991512298583984 4
3.3530476093292236 -36.30286407470703 0
25.089248657226562 45.969749450683594 9
4.895201206207275 1.7477200031280518 5
-23.713788986206055 43.09731674194336 2
2.207843542098999 -24.145822525024414 0
-64.47472381591797 3.6352736949920654 9
18.310571670532227 -44.9409065246582 9
-35.35638427734375 16.454811096191406 1
29.318613052368164 12.096819877624512 7
-11.380345344543457 19.387556076049805 9
-65.50645446777344 -4.336663246154785 9
-34.67648696899414 -25.33602523803711 1
-17.973203659057617 -5.184242248535156 1
-2.54201602935791 5.12291955947876 8
-25.196651458740234 44.712650299072266 2
-66.70042419433594 6.491368770599365 9
5.507216453552246 -4.056214809417725 4
-3.02327823638916 -62.61652374267578 3
23.61198616027832 -11.198692321777344 0
38.28973388671875 -9.354095458984375 0
47.44410705566406 28.615257263183594 8
21.070106506347656 -2.5788660049438477 0
37.3459358215332 9.380086898803711 8
52.25059127807617 31.22386932373047 8
3.5484187602996826 6.225612163543701 9
-2.6498568058013916 1.222511649131775 4
-1.2326222658157349 48.315025329589844 4
59.29579544067383 8.019828796386719 8
-25.013442993164062 42.9742317199707 2
-12.719452857971191 19.442214965820312 1
-70.58680725097656 10.504817008972168 9
30.171323776245117 -20.677650451660156 6
-25.275453567504883 7.416381359100342 4
-9.81137752532959 -31.99052619934082 0
11.345911979675293 -5.801696300506592 9
23.608383178710938 -38.51549530029297 9
15.367583274841309 18.646081924438477 0
46.51594924926758 36.16239547729492 8
-7.590362548828125 -29.483366012573242 0
-63.19464111328125 -9.604585647583008 9
-13.282793045043945 5.6628851890563965 9
27.21137809753418 -10.104330062866211 7
21.27356719970703 -3.7174038887023926 0
40.35874938964844 -4.050262928009033 9
37.2939567565918 32.257972717285156 8
12.664837837219238 28.367948532104492 7
1.4678142070770264 16.640520095825195 9
-66.64659881591797 1.6878917217254639 9
50.2137451171875 21.248870849609375 8
18.364974975585938 33.04155731201172 7
41.97636032104492 10.08866024017334 9
-5.609355449676514 -59.86653518676758 3
12.35190200805664 18.05952262878418 0
-34.51632308959961 -24.248432159423828 1
-62.20722198486328 0.11952318996191025 9
58.175926208496094 26.76027488708496 8
-62.59682083129883 -1.4921497106552124 9
22.014911651611328 -2.5382091999053955 0
-2.0254757404327393 39.584022521972656 2
-26.54521369934082 17.290176391601562 4
-3.608119249343872 -58.128482818603516 3
14.590539932250977 -6.342432498931885 8
-52.09406280517578 -4.702758312225342 9
42.96045684814453 29.905414581298828 8
-39.27988815307617 13.766021728515625 1
30.595991134643555 -10.753835678100586 0
-22.924142837524414 -40.10255432128906 6
40.32902526855469 18.568260192871094 8
7.989933490753174 15.449349403381348 0
24.15354347229004 -9.785430908203125 0
50.84569549560547 14.640970230102539 6
-12.014242172241211 -26.151254653930664 0
-66.78599548339844 5.042850017547607 9
-4.605820655822754 -23.8276424407959 0
45.7131462097168 8.789254188537598 8
-2.2315568923950195 22.329090118408203 4
18.141862869262695 11.66880989074707 7
21.516374588012695 -0.763099193572998 0
31.40990447998047 -10.690258979797363 0
0.021814651787281036 45.828250885009766 7
-9.614313125610352 27.97732162475586 9
49.903564453125 24.9149227142334 8
40.842079162597656 -25.66728401184082 6
-44.745975494384766 4.638227462768555 1
-33.60586929321289 45.1136589050293 2
17.605754852294922 31.840068817138672 7
44.24162292480469 -25.23581886291504 6
17.3539981842041 7.274562358856201 7
0.6844209432601929 -64.27445983886719 3
36.02594757080078 14.126032829284668 9
-4.304821968078613 22.51418113708496 4
6.662534236907959 27.779430389404297 2
29.540082931518555 -8.26362133026123 0
-2.0923237800598145 -63.760101318359375 3
-3.7134039402008057 -65.22491455078125 3
-31.429208755493164 27.268823623657227 4
-23.024293899536133 35.59546661376953 2
-34.53005599975586 -12.242342948913574 1
-5.090715408325195 -26.973169326782227 0
-72.51842498779297 7.729328155517578 9
-24.681354522705078 2.6254637241363525 4
19.416658401489258 -4.529757022857666 0
-5.37705135345459 18.79803466796875 0
15.525036811828613 -16.460628509521484 0
1.954053282737732 -27.865137100219727 0
-12.936604499816895 45.669410705566406 4
44.23826599121094 12.205499649047852 8
-69.5191421508789 6.418000221252441 9
39.39085388183594 36.072410583496094 8
-40.76093292236328 16.44832992553711 1
19.087047576904297 -48.13361740112305 9
23.122175216674805 -11.682546615600586 0
-0.4165351092815399 -64.66397094726562 3
-8.08301067352295 -62.75708770751953 3
-1.4087852239608765 20.79350471496582 0
23.418790817260742 -8.156638145446777 0
13.927001953125 -16.374731063842773 0
-12.06982707977295 -26.775299072265625 0
-68.02418518066406 9.11667537689209 9
40.07102584838867 31.299453735351562 8
-2.5009801387786865 -59.63589096069336 3
56.32263946533203 14.587759017944336 8
-3.9975459575653076 6.583473205566406 9
-2.9527153968811035 45.986534118652344 4
-26.49032974243164 17.370075225830078 4
4.852631568908691 48.224388122558594 0
58.20519256591797 26.693147659301758 8
-7.684413909912109 -0.6319517493247986 5
-63.77790451049805 -9.64749813079834 9
11.170855522155762 17.08323860168457 0
37.69431686401367 -7.053900241851807 8
50.04115295410156 8.88780403137207 8
-33.2747917175293 41.23545455932617 2
18.4105224609375 7.530468463897705 7
3.0326011180877686 -9.323344230651855 9
-20.772802352905273 -7.715551376342773 1
-56.64495086669922 -4.731257438659668 9
30.41493797302246 -13.681549072265625 0
-56.08635711669922 -4.144060134887695 9
-11.037792205810547 46.53498077392578 4
-73.64896392822266 8.053025245666504 9
0.013004238717257977 -17.708799362182617 9
-23.40576171875 -5.073371410369873 8
5.901937961578369 -29.884090423583984 9
-21.56559944152832 -9.950302124023438 5
-20.6502742767334 -32.78628158569336 3
6.216172218322754 -13.610815048217773 0
-73.56327056884766 8.599919319152832 9
35.180301666259766 6.315855503082275 2
15.8655424118042 -45.74399185180664 9
-0.7560744881629944 -23.983314514160156 0
49.63195037841797 4.955687046051025 0
-6.859529972076416 -58.172943115234375 3
-13.407442092895508 -23.587446212768555 0
29.77745819091797 37.04003143310547 7
-61.95399475097656 4.475322723388672 9
-39.41846466064453 12.469246864318848 1
-63.288978576660156 -10.911404609680176 9
1.9728232622146606 -8.248988151550293 9
30.559724807739258 3.413771629333496 9
28.58673095703125 -13.875412940979004 0
46.66804885864258 35.847442626953125 8
-28.871421813964844 -24.493858337402344 1
4.614874362945557 1.1629772186279297 5
-70.55477142333984 5.203378677368164 9
-25.732789993286133 35.12556076049805 2
0.015090410597622395 -17.70477867126465 9
46.619224548339844 -14.829400062561035 9
-41.35764694213867 -34.3037223815918 9
4.454936504364014 -13.699365615844727 0
-40.85992431640625 -33.22259521484375 9
43.249794006347656 -28.556236267089844 6
-15.24073314666748 12.97196102142334 4
-18.87883758544922 7.952377796173096 9
35.199462890625 -5.689658164978027 0
-8.049325942993164 -30.762523651123047 0
-33.911373138427734 11.19528865814209 1
-71.47919464111328 -8.261682510375977 1
22.187763214111328 -40.201934814453125 9
-28.15475845336914 -0.8280695676803589 9
-31.195892333984375 -23.966297149658203 1
8.43485164642334 -21.244237899780273 0
-44.52131271362305 3.315983295440674 1
-14.557376861572266 6.735642910003662 9
-40.54325866699219 -3.59072208404541 1
-2.4387834072113037 -29.22250747680664 0
-42.564125061035156 3.4924662113189697 1
11.805655479431152 48.66940689086914 4
56.69851303100586 8.583172798156738 8
19.2012882232666 -45.559104919433594 9
20.906818389892578 9.117414474487305 7
52.12942123413086 31.028539657592773 8
-1.7910051345825195 42.987998962402344 4
-34.67975616455078 -12.764913558959961 1
-67.25277709960938 -2.870647668838501 9
-33.368858337402344 44.83181381225586 2
-39.83186340332031 13.504608154296875 1
-72.48802947998047 0.9375534057617188 9
-30.992774963378906 39.62141418457031 2
16.84187889099121 27.22921371459961 7
3.943587303161621 -13.534852981567383 0
15.451696395874023 29.713844299316406 7
-9.683732032775879 -3.800725221633911 5
-21.365339279174805 38.089290618896484 2
-11.689544677734375 -23.783123016357422 0
-4.731083869934082 43.114322662353516 2
36.05205535888672 14.08881664276123 9
-5.691961288452148 -23.047189712524414 0
-45.151371002197266 2.1433987617492676 1
-3.679494619369507 -55.22637176513672 3
3.8489327430725098 18.365867614746094 9
-66.58924865722656 8.33691692352295 9
44.345802307128906 11.799308776855469 8
-29.655139923095703 -22.172407150268555 1
-53.31056594848633 -5.436529636383057 9
37.34152603149414 31.966699600219727 8
44.47412109375 36.78132629394531 8
-8.216256141662598 17.016094207763672 4
24.09076499938965 44.230438232421875 9
51.60050582885742 24.406410217285156 8
-8.567155838012695 9.627199172973633 5
-4.611680030822754 5.682960033416748 9
-8.84357738494873 -31.318252563476562 0
-40.83033752441406 -34.90408706665039 9
-24.684465408325195 2.889832019805908 4
-33.682315826416016 40.748905181884766 2
-7.746582508087158 -27.038530349731445 0
58.01687240600586 8.281255722045898 8
-16.39637565612793 25.40611457824707 1
-19.714494705200195 21.140220642089844 7
-60.411048889160156 -0.7723171710968018 9
-10.203757286071777 -25.75686264038086 0
-73.74349212646484 7.442925453186035 9
15.030912399291992 19.8994197845459 0
-68.57342529296875 5.173356533050537 9
-29.877790451049805 -18.043102264404297 1
-24.230955123901367 -8.858254432678223 5
59.07206344604492 7.085104465484619 8
-7.54628324508667 -16.23344612121582 9
12.830820083618164 19.908231735229492 0
-0.06993568688631058 18.775413513183594 9
-58.387062072753906 -2.0779531002044678 9
9.843924522399902 -17.436174392700195 0
27.861679077148438 -13.05655574798584 0
-0.05105559527873993 11.683551788330078 9
-5.408543586730957 -59.86977767944336 3
32.96490478515625 25.112245559692383 8
16.09288215637207 19.230344772338867 0
1.0705102682113647 -67.91580200195312 3
-4.143147945404053 -31.637998580932617 0
-20.93562889099121 -48.268863677978516 9
-4.058493137359619 -26.967748641967773 0
-7.967467308044434 -18.087675094604492 0
-6.350175857543945 6.168735027313232 9
19.44654655456543 19.700851440429688 9
-8.155946731567383 40.26286697387695 1
-8.075798988342285 -62.747894287109375 3
-15.86264705657959 4.1024627685546875 9
-15.053508758544922 -13.127124786376953 9
15.155723571777344 7.39663553237915 7
-10.170454978942871 25.904869079589844 9
1.8148741722106934 3.9590656757354736 9
45.715579986572266 4.43823766708374 8
57.60266876220703 26.928876876831055 8
-43.538177490234375 3.6300899982452393 1
25.516490936279297 -11.88388729095459 0
19.090900421142578 -48.17510986328125 9
46.244415283203125 10.323433876037598 8
-66.77887725830078 15.053439140319824 8
33.323570251464844 -32.25575256347656 2
29.529550552368164 16.165430068969727 8
-73.699951171875 2.709364414215088 9
41.012474060058594 27.022287368774414 4
-73.12257385253906 9.226971626281738 9
44.66127395629883 20.05362319946289 8
44.517250061035156 36.8052978515625 8
17.105993270874023 -45.654441833496094 9
-33.90193176269531 -19.404617309570312 1
-26.840242385864258 43.765079498291016 1
6.210259914398193 25.166549682617188 2
-40.33052062988281 16.372516632080078 1
-30.35499382019043 39.74502944946289 2
-65.39484405517578 9.64410400390625 9
-60.28601837158203 -0.890821635723114 9
4.5583930015563965 -8.858201026916504 0
30.078136444091797 -20.635107040405273 6
-46.12532424926758 -7.99556827545166 1
46.86614227294922 1.3475266695022583 4
43.438987731933594 30.344406127929688 8
50.71670913696289 5.996882438659668 8
-6.371345043182373 6.1971869468688965 9
22.15410804748535 34.760841369628906 7
14.176657676696777 20.542709350585938 0
5.704822540283203 -34.82494354248047 0
55.918338775634766 8.827887535095215 8
6.249352931976318 43.636436462402344 4
27.303680419921875 -15.7683744430542 0
22.220069885253906 -36.79050064086914 9
-33.2567253112793 41.26838302612305 2
11.280340194702148 27.448265075683594 7
20.478355407714844 -6.647776126861572 0
52.149688720703125 -21.54011344909668 9
-20.966825485229492 -48.26314926147461 9
13.461252212524414 11.681952476501465 0
-0.22580009698867798 25.094274520874023 0
-53.40853500366211 -6.230034351348877 9
26.062360763549805 44.66565704345703 9
27.212692260742188 -10.142243385314941 7
5.70195198059082 -47.22951126098633 9
-18.480670928955078 -18.654518127441406 6
50.642948150634766 22.76750946044922 8
37.171234130859375 -15.269996643066406 4
31.188859939575195 16.66790771484375 8
-3.248425006866455 -54.27769470214844 3
-1.0325205326080322 16.173994064331055 6
26.600923538208008 2.029569149017334 7
-42.23028564453125 -0.8184305429458618 1
-13.35882568359375 -18.646703720092773 0
43.228309631347656 -23.232908248901367 6
39.055450439453125 4.962769985198975 8
1.158921241760254 46.52553939819336 4
28.133962631225586 46.264312744140625 9
4.7264862060546875 0.893873393535614 5
41.013431549072266 15.019577026367188 8
26.11039924621582 -14.545007705688477 0
8.327375411987305 15.71973991394043 0
-28.674768447875977 0.2885779142379761 2
-60.42579650878906 7.198206901550293 9
-25.768856048583984 36.11643981933594 2
-29.326536178588867 49.39977264404297 1
-29.293819427490234 49.3624382019043 1
20.530948638916016 -40.09333801269531 9
0.13628852367401123 -66.56802368164062 3
-67.91603088378906 6.105556488037109 9
27.636444091796875 20.461217880249023 8
5.554962635040283 21.748891830444336 7
6.057004451751709 -22.6953125 0
-17.919757843017578 7.4714155197143555 9
6.82499885559082 28.16642189025879 2
54.1358528137207 8.620658874511719 8
-66.7635726928711 6.342064380645752 9
49.399959564208984 24.463796615600586 8
12.830862045288086 27.563459396362305 7
-9.692001342773438 -10.984875679016113 1
2.0887742042541504 -62.88572311401367 3
31.582942962646484 16.932640075683594 8
-42.175537109375 -33.348724365234375 9
-43.11983871459961 0.6528914570808411 1
-64.60272979736328 9.35404109954834 9
-1.3678314685821533 -22.458402633666992 0
-1.9763046503067017 38.50459671020508 2
17.935503005981445 -4.538516044616699 0
-41.035743713378906 -2.6063425540924072 1
-6.409583568572998 -6.564047813415527 1
2.766188621520996 -21.27410125732422 0
-50.25567626953125 -13.302992820739746 1
43.58992004394531 -23.134662628173828 6
-12.245478630065918 3.9300320148468018 9
-1.076024055480957 17.19166374206543 6
4.094143390655518 41.417518615722656 4
-42.2827262878418 14.90151309967041 1
13.071407318115234 2.3587417602539062 4
-8.344025611877441 -21.784984588623047 0
22.586833953857422 -36.938812255859375 9
35.553592681884766 21.078182220458984 7
52.953208923339844 23.233861923217773 8
-63.74689865112305 -11.493216514587402 9
32.139739990234375 -10.655777931213379 0
-29.580486297607422 -4.542722225189209 9
-0.859840989112854 49.34381103515625 4
9.785799026489258 -17.35675811767578 0
9.929298400878906 -20.474361419677734 0
-52.697540283203125 -27.13143539428711 9
11.688283920288086 27.49553871154785 7
-25.67879867553711 39.56526184082031 2
-36.963592529296875 7.5474042892456055 1
-8.125685691833496 18.34907341003418 4
-6.671055793762207 -59.595218658447266 3
43.67080307006836 -27.949203491210938 6
24.943195343017578 -40.39476776123047 9
-1.3075379133224487 -65.39485168457031 3
11.850987434387207 -5.588927745819092 9
39.341915130615234 -3.0414788722991943 9
51.47350311279297 -11.198572158813477 9
2.0123534202575684 -27.848896026611328 0
-13.450743675231934 -23.5836124420166 0
-4.737507343292236 5.696266174316406 9
2.202045202255249 -60.737945556640625 3
-32.23512649536133 45.10895538330078 2
9.667875289916992 -18.84212303161621 0
-3.6155173778533936 -57.988609313964844 3
0.5961509346961975 30.621795654296875 2
42.900123596191406 -27.35150909423828 6
21.981313705444336 -1.3638707399368286 0
-60.7122802734375 7.9691081047058105 9
28.17365074157715 -38.56570816040039 9
-15.433662414550781 5.1779255867004395 9
18.60489845275879 31.54832649230957 7
38.66408157348633 5.303366184234619 8
-4.0434489250183105 -11.630339622497559 9
3.337369918823242 42.75624084472656 4
-25.439212799072266 46.2963981628418 2
17.36450958251953 30.048877716064453 7
4.971528053283691 20.47795867919922 7
-13.165327072143555 -18.146879196166992 0
-63.943695068359375 -11.779338836669922 9
-10.970649719238281 -23.40806007385254 0
-12.067434310913086 -23.70574951171875 0
46.8430061340332 -13.55247688293457 9
41.48567581176758 14.941643714904785 8
40.017704010009766 0.5623962879180908 4
29.64091682434082 -30.77728843688965 2
-22.627540588378906 -39.5726203918457 6
7.124861240386963 16.78721809387207 0
14.157782554626465 0.36420688033103943 4
48.568504333496094 32.91663360595703 8
-28.567407608032227 40.50959014892578 6
-72.64765930175781 1.6530555486679077 9
25.854841232299805 -15.009273529052734 0
16.85768699645996 32.692588806152344 7
12.664254188537598 19.44240951538086 0
-6.961605548858643 -59.564945220947266 3
-17.726158142089844 7.243107795715332 9
7.475250244140625 -49.726097106933594 2
-66.52008819580078 4.331429958343506 9
-25.449886322021484 40.628578186035156 2
-29.622011184692383 41.02842712402344 2
57.23957443237305 7.032303333282471 8
-7.695405006408691 -30.143951416015625 0
42.058502197265625 10.134614944458008 9
8.169548034667969 16.645832061767578 0
9.860554695129395 -19.91014289855957 0
35.46486282348633 31.591129302978516 8
-35.177364349365234 14.29849624633789 1
35.578765869140625 11.80216121673584 8
36.84811782836914 27.557666778564453 0
-67.4117660522461 10.57793140411377 9
-11.029316902160645 3.685641288757324 6
-6.091440200805664 22.214954376220703 4
2.8646199703216553 -24.46689796447754 0
-0.23394104838371277 25.02854347229004 0
27.722375869750977 1.9942373037338257 7
22.83474349975586 -40.13116455078125 9
14.856080055236816 12.273213386535645 2
31.314056396484375 5.295290946960449 9
44.814964294433594 20.57679557800293 8
34.47087860107422 31.305086135864258 8
31.787412643432617 17.039840698242188 8
2.3541083335876465 51.528358459472656 4
-29.94078826904297 -4.8425068855285645 9
-20.425247192382812 -31.664949417114258 3
-35.350162506103516 14.399129867553711 1
45.15496063232422 -25.932355880737305 6
26.90406036376953 8.587514877319336 7
47.3745002746582 19.138736724853516 8
-70.55437469482422 10.557125091552734 9
6.4505438804626465 15.786853790283203 0
22.192623138427734 -1.2802332639694214 0
-25.5546817779541 38.76521682739258 2
52.57461166381836 30.71507453918457 8
10.044270515441895 -27.535358428955078 0
-31.976512908935547 45.22187423706055 2
-66.59947204589844 1.7683674097061157 9
-33.8552131652832 -19.175060272216797 1
-60.65757751464844 7.885223388671875 9
40.21485137939453 -27.69234848022461 7
56.36631774902344 14.740701675415039 8
22.066452026367188 -43.252647399902344 9
40.16640090942383 24.787639617919922 8
-25.530590057373047 38.843013763427734 2
-28.613603591918945 3.7118639945983887 1
4.8649396896362305 21.326719284057617 7
-65.30899047851562 6.075990200042725 9
22.99542999267578 -13.151505470275879 0
10.101344108581543 -5.534131050109863 9
39.85784149169922 31.471221923828125 8
-42.42923355102539 -0.47956404089927673 1
47.321468353271484 16.228557586669922 8
-12.871190071105957 19.45543098449707 1
22.867324829101562 -8.592033386230469 0
48.553829193115234 33.06649398803711 8
19.648344039916992 30.287654876708984 7
3.9982752799987793 45.262447357177734 0
4.993616580963135 26.06477165222168 2
-35.15070724487305 -23.566322326660156 1
40.221824645996094 -3.910856008529663 9
25.066953659057617 -13.030294418334961 0
13.351566314697266 15.858793258666992 5
-40.041351318359375 14.155640602111816 1
5.5271525382995605 -7.642340183258057 0
20.60826873779297 -40.061256408691406 9
-36.23859786987305 8.39985179901123 1
-65.67552947998047 7.869300365447998 9
53.287837982177734 21.287649154663086 8
7.053332328796387 26.261064529418945 2
7.189157485961914 17.690780639648438 0
44.1672477722168 35.13963317871094 8
19.91890525817871 -4.169297695159912 0
1.5227653980255127 16.635501861572266 9
-40.62747573852539 14.147823333740234 1
-5.752549171447754 55.15835189819336 0
-5.159753799438477 -56.55915451049805 3
-15.043484687805176 5.702284812927246 9
-9.637579917907715 -20.92892074584961 0
-7.59183931350708 -0.5066367387771606 5
6.993648052215576 15.934378623962402 0
27.179113388061523 46.102439880371094 9
37.88776397705078 -12.949847221374512 4
5.645182132720947 25.62022590637207 2
-28.412931442260742 -23.673418045043945 1
24.338043212890625 -22.15985870361328 0
7.396280288696289 43.00150680541992 4
-24.705717086791992 36.079978942871094 2
11.65282917022705 29.011537551879883 7
53.75524139404297 7.561388969421387 0
41.398345947265625 -26.763477325439453 6
7.068408012390137 -49.96047592163086 2
24.547517776489258 15.881638526916504 8
-30.57754135131836 -25.499631881713867 1
-30.888338088989258 -19.05974578857422 1
-3.8899762630462646 -55.50273513793945 3
-0.8154302835464478 -57.03297805786133 9
-8.223133087158203 -21.855464935302734 0
33.33900451660156 -32.29606628417969 2
-35.17768478393555 -24.650266647338867 1
42.723331451416016 23.705528259277344 8
49.06123733520508 28.24689292907715 8
43.57230758666992 -26.42418098449707 6
16.419231414794922 30.623926162719727 7
-13.206330299377441 -18.14425277709961 0
32.05869674682617 -10.686413764953613 0
-2.4496254920959473 -29.255273818969727 0
45.78034591674805 -3.6002790927886963 5
13.061031341552734 17.4276123046875 0
-31.429405212402344 27.23876190185547 4
45.61104202270508 1.914811134338379 4
-4.526145935058594 3.772519826889038 0
-42.93687057495117 3.0464115142822266 1
-72.36131286621094 1.5467803478240967 9
45.54716873168945 -25.600860595703125 6
-7.949751853942871 -18.51865577697754 0
41.45627212524414 27.285873413085938 8
-0.5297529697418213 -64.01543426513672 3
46.06549835205078 20.77608299255371 8
-17.826923370361328 7.90946626663208 9
-29.58308219909668 24.2833194732666 4
-30.001911163330078 -23.951072692871094 1
13.031003952026367 0.41100966930389404 4
-0.31672894954681396 21.902563095092773 9
-0.7211920619010925 -56.853633880615234 9
9.725028038024902 26.61612892150879 7
2.9076194763183594 19.240034103393555 0
-14.957083702087402 -12.147466659545898 0
19.718141555786133 -2.462071180343628 0
6.061374187469482 16.66098976135254 0
44.64698791503906 26.39546775817871 8
-21.408092498779297 42.06019973754883 2
-2.853184938430786 -65.6910629272461 3
30.575956344604492 14.281706809997559 4
5.652543544769287 -34.7581672668457 0
-9.966397285461426 -32.175132751464844 0
3.567924737930298 1.291355013847351 9
37.54863357543945 -14.16442584991455 2
29.576261520385742 16.12191390991211 8
-0.8661830425262451 49.30142593383789 4
53.40815734863281 21.152868270874023 8
-27.998638153076172 -27.14957618713379 9
-8.055580139160156 40.37861251831055 1
-4.310394287109375 -65.36759185791016 3
-0.4536375403404236 52.82240295410156 4
4.5747809410095215 40.29478454589844 4
-4.67643404006958 -30.623380661010742 0
-40.55673599243164 -34.62040328979492 9
-24.266313552856445 45.14360046386719 2
53.116844177246094 23.426145553588867 8
36.48337936401367 -7.785223484039307 0
36.84817886352539 33.0179557800293 8
27.112089157104492 44.802452087402344 9
4.205141067504883 21.844728469848633 7
45.75402069091797 0.4192018508911133 4
37.17767333984375 -15.231389999389648 4
47.316429138183594 28.63258934020996 8
23.38251495361328 7.215457916259766 7
23.798521041870117 -12.296442031860352 0
-15.223174095153809 14.367192268371582 4
2.3191280364990234 5.361072540283203 9
43.13671112060547 -24.192977905273438 6
31.481117248535156 -20.76380729675293 6
-38.666908264160156 35.53438186645508 8
39.04490661621094 -4.489330291748047 0
19.928539276123047 -45.593021392822266 9
40.06455612182617 -4.342960357666016 9
3.9406819343566895 -34.359291076660156 0
37.279083251953125 -9.808956146240234 4
-4.728047847747803 -30.481056213378906 0
-70.65641021728516 7.607903957366943 9
-30.255651473999023 -18.452028274536133 1
-7.11467170715332 17.80147361755371 0
51.273590087890625 24.916597366333008 8
20.509057998657227 0.018693557009100914 0
-64.66804504394531 3.6132164001464844 9
-6.7596635818481445 -58.197120666503906 3
-30.18115234375 -25.455289840698242 1
16.849618911743164 32.761634826660156 7
-7.462175369262695 -26.585643768310547 0
44.10148239135742 -18.068572998046875 9
-2.7115578651428223 -59.70575714111328 3
-29.148902893066406 15.175558090209961 4
6.447992324829102 -13.750320434570312 0
-70.58057403564453 7.715975761413574 9
-24.47846794128418 -1.9293859004974365 4
-8.60096263885498 -8.203301429748535 1
18.19170570373535 -44.876163482666016 9
20.10063362121582 8.910249710083008 7
28.23978042602539 -38.53437042236328 9
-35.232078552246094 16.35185432434082 1
40.31562805175781 21.51305389404297 8
-6.040009498596191 -17.018091201782227 9
-20.530517578125 -31.944517135620117 3
4.809038162231445 -13.919833183288574 0
-7.263234615325928 -25.985397338867188 0
-28.721677780151367 45.83274841308594 0
-13.854276657104492 14.588247299194336 9
27.51336097717285 20.239730834960938 8
37.77503204345703 -8.733519554138184 0
-62.9738883972168 -10.963030815124512 9
43.322227478027344 5.641602039337158 9
-40.130619049072266 14.6669921875 1
43.169673919677734 -24.04933738708496 6
5.167927265167236 -0.5034830570220947 8
-2.6106133460998535 46.02627944946289 4
27.16005516052246 -12.13992977142334 0
24.796110153198242 -6.705751419067383 0
48.91444396972656 28.31146240234375 8
59.64567947387695 7.94383430480957 8
23.659038543701172 43.0819206237793 4
-40.22267532348633 -4.10964298248291 1
17.462753295898438 28.709083557128906 7
2.8464226722717285 -60.435630798339844 3
26.544191360473633 -12.693964004516602 0
-5.727776050567627 -45.67140579223633 9
-7.344766139984131 -36.91034698486328 5
-0.5100445747375488 52.68556213378906 4
-52.89531707763672 -3.9822568893432617 9
19.670074462890625 6.52476167678833 7
-5.703280925750732 55.070098876953125 0
22.727783203125 -2.968371868133545 0
1.113276481628418 22.424848556518555 9
27.686002731323242 2.116161346435547 7
46.283782958984375 22.974794387817383 8
-69.43293762207031 1.130865454673767 9
25.99407386779785 -16.366348266601562 0
-31.568025588989258 38.701820373535156 7
6.021127223968506 22.28196144104004 7
-5.2067084312438965 18.90411949157715 0
19.544565200805664 30.263935089111328 7
5.805693626403809 2.034139394760132 5
-9.414921760559082 -26.257211685180664 0
16.994049072265625 8.92726993560791 7
24.66563606262207 -34.987571716308594 9
-26.491025924682617 36.05453872680664 2
3.458477735519409 -23.151151657104492 0
-5.719585418701172 -45.70143508911133 9
5.625001907348633 13.240947723388672 0
-25.53468894958496 44.03107833862305 6
-69.20814514160156 5.01274299621582 9
-6.091384410858154 12.067278861999512 8
4.75204610824585 27.71100616455078 2
2.899423599243164 -10.908934593200684 0
11.464654922485352 -16.05181121826172 0
-0.44567519426345825 -27.176820755004883 0
57.67292022705078 16.259950637817383 8
48.621273040771484 23.330219268798828 8
14.082758903503418 -40.90277862548828 6
50.903560638427734 20.422609329223633 8
-0.0480923168361187 -65.86618041992188 3
-2.6261847019195557 -63.60700607299805 3
45.658538818359375 27.73516273498535 8
3.9831557273864746 41.89805603027344 4
18.497238159179688 -42.94140625 9
8.496143341064453 5.997610092163086 5
-4.254054069519043 -56.543312072753906 3
5.394725322723389 -6.708568572998047 0
24.878684997558594 12.900411605834961 8
42.2872428894043 -25.726289749145508 6
24.974658966064453 12.822064399719238 8
-7.204893112182617 28.128440856933594 9
5.941412448883057 2.1976308822631836 5
7.684980392456055 11.976676940917969 0
57.56100082397461 16.080211639404297 8
-33.95591354370117 -24.825971603393555 1
55.05768585205078 7.481283664703369 8
16.39745330810547 -45.600528717041016 9
37.54771423339844 32.883121490478516 8
43.08543395996094 -29.288345336914062 6
26.956689834594727 44.541961669921875 9
1.2288283109664917 -60.96771240234375 3
-40.5828742980957 10.32732105255127 1
-28.731952667236328 24.18544578552246 4
31.34810447692871 26.57524299621582 9
-15.053533554077148 15.524950981140137 4
27.62371063232422 -3.5094704627990723 4
-3.318542242050171 46.01813888549805 4
-1.376842737197876 -22.588193893432617 0
-57.22197723388672 1.538211703300476 9
-65.33528900146484 9.130213737487793 9
-22.847671508789062 -40.029422760009766 6
-7.534341335296631 -59.733489990234375 3
-27.69580841064453 -4.0570292472839355 9
55.87019348144531 9.968435287475586 8
14.323976516723633 -16.401029586791992 0
-53.89192199707031 -5.516285419464111 9
-2.9780733585357666 25.39319610595703 4
-0.29602929949760437 45.95074462890625 7
26.363126754760742 46.070068359375 9
5.380987644195557 15.645817756652832 0
12.227458953857422 18.02879524230957 0
5.577229022979736 14.021661758422852 0
15.977176666259766 19.13442039489746 0
-67.36825561523438 10.685656547546387 9
47.28692626953125 -13.17845344543457 9
14.667593002319336 7.189363956451416 7
45.79912567138672 1.6414597034454346 4
37.51169967651367 -8.345507621765137 0
6.328413486480713 16.915117263793945 0
11.002544403076172 -16.356388092041016 0
46.38642120361328 10.2533597946167 8
11.002676963806152 29.049386978149414 7
-0.3100970387458801 -60.343875885009766 3
17.367176055908203 8.553741455078125 7
8.24746036529541 22.66348648071289 7
11.94127368927002 28.65201187133789 7
-68.82624053955078 4.2196478843688965 9
-44.18426513671875 2.1291542053222656 1
19.5423641204834 8.7475004196167 7
0.6573962569236755 30.300867080688477 2
10.240996360778809 48.45774841308594 4
-9.781506538391113 -26.335350036621094 0
-30.888547897338867 -19.22589683532715 1
0.5564702749252319 -63.86080551147461 3
-23.622650146484375 -5.072734832763672 8
-14.616046905517578 13.754464149475098 4
-34.551246643066406 -12.26053237915039 1
-9.258865356445312 12.366371154785156 4
0.2540115416049957 -65.7532730102539 3
4.740195274353027 39.61616134643555 4
49.28871536254883 10.307602882385254 8
-1.5983914136886597 43.01288604736328 4
26.897653579711914 8.587796211242676 7
-1.9221527576446533 19.268949508666992 6
2.6992621421813965 -21.377887725830078 0
11.147002220153809 48.305755615234375 4
3.6807026863098145 -59.404720306396484 3
-57.19761657714844 1.5485455989837646 9
39.08960723876953 35.776180267333984 8
39.63707733154297 -0.42508938908576965 4
-56.75016784667969 -4.292208671569824 9
40.426368713378906 18.125925064086914 8
12.031270980834961 34.797733306884766 2
29.17046546936035 16.359630584716797 8
22.536426544189453 -12.436370849609375 0
-5.344943523406982 -19.21543312072754 0
6.459777355194092 43.663368225097656 4
35.53837203979492 20.70915985107422 7
-66.80596923828125 15.073280334472656 8
-33.898521423339844 11.199321746826172 1
1.257813811302185 -59.634944915771484 3
-2.121260404586792 0.6771901249885559 4
-28.76480484008789 24.46660804748535 4
-9.044425010681152 -9.597461700439453 1
55.6343994140625 10.2661714553833 8
21.868879318237305 8.604024887084961 7
18.04693031311035 11.723151206970215 7
-13.492559432983398 5.904054641723633 9
10.163360595703125 -20.71183967590332 0
-3.7867298126220703 -54.396278381347656 3
-3.99369740486145 22.504966735839844 4
-51.09286880493164 -5.974742412567139 9
-28.352163314819336 -8.131031036376953 0
44.36238479614258 -24.49089241027832 6
0.5842717289924622 31.19594955444336 2
-24.666810989379883 2.18135929107666 4
14.25243091583252 2.0391697883605957 4
-23.892807006835938 42.9441032409668 2
-29.1925106048584 15.16277027130127 4
-6.546865463256836 -25.96272087097168 0
28.389814376831055 43.543853759765625 2
-62.0404052734375 4.558265686035156 9
12.259798049926758 29.093515396118164 7
-40.982666015625 12.799308776855469 1
21.53390884399414 34.21502685546875 7
1.255455732345581 -21.964780807495117 9
-1.013993740081787 -23.486927032470703 0
35.451133728027344 20.42208480834961 7
-33.44590377807617 -17.392810821533203 1
42.79243087768555 17.088708877563477 8
29.438152313232422 -30.80953598022461 5
-31.04247283935547 -22.597137451171875 1
30.398473739624023 1.8774663209915161 9
12.207952499389648 2.05086612701416 4
-52.70268630981445 -5.261695384979248 9
11.541641235351562 17.450542449951172 0
26.57548713684082 1.9110453128814697 7
2.4931344985961914 51.624839782714844 4
21.324413299560547 -40.224143981933594 9
-2.8397109508514404 -66.13465118408203 3
-70.82179260253906 5.249247074127197 9
-72.8706283569336 7.322475910186768 9
-5.148736953735352 54.27040100097656 0
37.80173873901367 11.049296379089355 8
29.990816116333008 -0.8809030652046204 4
-8.563102722167969 -16.18136215209961 9
-4.606173038482666 -3.4416050910949707 1
1.9287867546081543 3.369394063949585 9
25.01791763305664 -15.532838821411133 0
2.962960958480835 -37.28059768676758 9
-20.0042724609375 -4.527679443359375 9
-29.699628829956055 -22.369951248168945 1
24.322750091552734 -11.135089874267578 0
4.724762916564941 22.28680992126465 7
-8.531673431396484 -16.168712615966797 9
-7.407270431518555 -17.064023971557617 9
-37.71400451660156 14.70445442199707 1
-68.08645629882812 7.59092378616333 9
1.2677432298660278 22.480539321899414 9
4.37089204788208 16.54181671142578 0
-62.04269790649414 0.007622578181326389 9
-68.40467071533203 7.926292896270752 9
22.866079330444336 -41.056640625 9
-39.83843994140625 16.659780502319336 1
-29.826065063476562 40.69014358520508 2
24.92508888244629 -40.381683349609375 9
10.021894454956055 25.832456588745117 7
41.78203201293945 -8.41879940032959 4
45.226985931396484 27.319061279296875 8
5.3443498611450195 -23.1759090423584 0
2.8258349895477295 19.28732681274414 0
-7.157762050628662 0.4836142361164093 5
21.260910034179688 6.834192276000977 7
-60.304954528808594 -0.5643897652626038 9
-32.94858932495117 -13.483238220214844 1
27.521808624267578 20.342981338500977 8
13.28091049194336 29.30904197692871 7
27.53841781616211 -15.808741569519043 0
-2.1567814350128174 -64.51893615722656 3
2.734344959259033 5.8091959953308105 2
16.562267303466797 27.970888137817383 7
9.548154830932617 25.93613052368164 7
59.28172302246094 6.865273475646973 8
-30.554882049560547 38.77193832397461 2
-1.4017510414123535 20.436859130859375 0
2.262749433517456 -9.36040210723877 0
-28.209007263183594 -23.517770767211914 1
44.376949310302734 -27.631206512451172 6
0.6128352284431458 -59.69200134277344 3
-31.35399055480957 38.94060134887695 2
-35.935359954833984 11.78857135772705 1
26.538501739501953 -13.62978744506836 0
22.762731552124023 46.05309295654297 9
46.780723571777344 15.364852905273438 1
16.55722427368164 -46.659156799316406 9
-66.94418334960938 -3.2786061763763428 9
-2.810561180114746 -64.36591339111328 3
-2.6377322673797607 42.92875289916992 4
44.214569091796875 35.094425201416016 8
25.869525909423828 44.999515533447266 9
27.166118621826172 -4.024774074554443 4
-2.665604591369629 13.600066184997559 1
40.20134735107422 20.003448486328125 8
27.52301597595215 -13.95263957977295 0
-1.1811143159866333 48.28144454956055 4
18.09126091003418 -42.16441345214844 9
11.043144226074219 -10.17151165008545 4
37.63727951049805 11.121885299682617 8
-39.36151885986328 35.19185256958008 8
-35.75228500366211 11.89326286315918 1
10.83651065826416 48.44160079956055 4
-33.34033966064453 44.659183502197266 2
-4.18543004989624 -63.73080062866211 3
24.358016967773438 -22.157791137695312 0
17.835742950439453 30.636470794677734 7
-64.76590728759766 9.96717643737793 9
58.06395721435547 7.266923427581787 8
-0.9085497856140137 -26.36112403869629 0
41.04753112792969 -26.999374389648438 6
-64.5544204711914 11.00383472442627 9
49.53638458251953 20.8062801361084 8
-33.70949935913086 -15.138726234436035 1
-0.4105825126171112 18.96612548828125 9
-16.43791961669922 25.436452865600586 1
-25.897045135498047 41.39907455444336 2
-56.16240310668945 -4.73085880279541 9
15.809476852416992 17.790220260620117 7
8.088271141052246 16.559003829956055 0
1.2544236183166504 -57.37105941772461 3
-5.014675617218018 -23.571712493896484 0
40.19756317138672 19.75068473815918 8
35.82357406616211 -5.671704292297363 0
19.4553279876709 8.317381858825684 9
-13.627809524536133 4.491265296936035 9
-14.860977172851562 -12.217325210571289 0
19.580976486206055 6.803000450134277 6
49.35102462768555 7.987705707550049 4
45.14691925048828 -26.26556396484375 6
-23.755979537963867 -40.015533447265625 6
-71.89737701416016 8.194456100463867 9
-29.036680221557617 24.05554962158203 4
24.02800941467285 -8.606021881103516 0
43.77363204956055 21.122631072998047 8
-72.16817474365234 9.035776138305664 9
21.953269958496094 -43.40357971191406 9
45.349735260009766 21.448123931884766 8
-39.013816833496094 12.4596586227417 1
27.030494689941406 31.84583854675293 9
34.5915641784668 31.286853790283203 8
35.96623229980469 11.554769515991211 8
-39.301204681396484 14.554691314697266 1
45.72404098510742 8.896645545959473 8
16.946571350097656 28.40022850036621 7
-53.994972229003906 -24.569896697998047 9
-66.34539031982422 -4.442104816436768 9
21.894636154174805 5.067821979522705 6
4.499336242675781 47.91691207885742 0
-10.423891067504883 -4.133726596832275 5
3.097398519515991 -12.414337158203125 0
-25.59185791015625 46.121402740478516 2
-30.814849853515625 36.17029571533203 2
50.66646194458008 19.952346801757812 8
-12.101494789123535 -4.823742389678955 5
55.3942985534668 8.461846351623535 8
1.6323742866516113 6.178391933441162 2
-5.250592231750488 -19.271501541137695 0
1.105621576309204 -57.44355010986328 3
47.97750473022461 23.21646499633789 8
19.4675350189209 19.737829208374023 9
38.445926666259766 5.443487644195557 8
4.247532844543457 28.49481201171875 2
-23.27884292602539 34.8004150390625 2
11.855746269226074 -25.205154418945312 3
32.85117721557617 25.109289169311523 8
-40.41374969482422 16.823366165161133 1
50.14004898071289 22.545366287231445 8
-31.331769943237305 -22.905672073364258 1
-43.16948699951172 3.038306713104248 1
5.377439022064209 1.0707697868347168 5
44.81534194946289 6.395100116729736 8
24.355785369873047 -12.179834365844727 0
-62.62413024902344 -1.5785163640975952 9
43.889896392822266 30.68265724182129 8
-17.842025756835938 5.688601493835449 9
2.5354127883911133 42.79059982299805 4
