x y label
-3.9011683464050293 -60.57295227050781 4
-15.542104721069336 -44.54476547241211 4
-3.953270673751831 -61.90915298461914 4
33.012451171875 -10.939309120178223 4
45.0809211730957 -24.014558792114258 4
57.19921875 -19.087520599365234 4
-21.074893951416016 -58.28404998779297 4
33.78607940673828 -8.346108436584473 4
-6.060131072998047 -63.25937271118164 4
38.81146240234375 6.281641960144043 4
40.99019241333008 6.494192123413086 4
-7.021852493286133 -64.21478271484375 4
52.15568923950195 -16.256431579589844 4
-6.83159875869751 -64.24634552001953 4
34.165008544921875 -10.563323974609375 4
-22.142658233642578 -20.211984634399414 4
-13.07263469696045 -10.7526216506958 4
-16.860506057739258 -63.097354888916016 4
20.080135345458984 -45.90687942504883 4
35.229007720947266 -10.52281379699707 4
73.2068862915039 -26.7700138092041 4
34.21880340576172 -10.201083183288574 4
6.940576076507568 20.879680633544922 7
66.43659973144531 19.568822860717773 9
7.2877068519592285 30.576282501220703 4
-39.767242431640625 1.8820064067840576 4
-31.49529266357422 -52.750423431396484 4
-16.461376190185547 -54.1104850769043 4
-14.934907913208008 -47.18695068359375 4
-21.421340942382812 -47.710758209228516 4
28.54530143737793 -4.970940113067627 6
-3.905010938644409 -63.35245895385742 0
48.05880355834961 -20.80419921875 1
71.91950988769531 -25.715599060058594 4
-42.21623992919922 14.272073745727539 4
-17.041095733642578 -53.63864517211914 4
0.8571757674217224 34.33769989013672 4
-21.038137435913086 -42.99299240112305 4
-19.977811813354492 -48.96587371826172 4
14.390993118286133 38.62673568725586 4
-3.5378165245056152 -57.542442321777344 4
-7.329799652099609 -64.67898559570312 4
-15.137965202331543 -45.56538391113281 9
45.310768127441406 -29.679555892944336 9
5.455612659454346 -4.949699401855469 8
-50.47694778442383 -18.496591567993164 2
2.145709276199341 -2.627950429916382 8
-7.693156719207764 -10.598350524902344 8
-33.77899169921875 46.03896713256836 0
-3.6337974071502686 43.511871337890625 0
-3.6115572452545166 43.4921760559082 0
-12.513899803161621 -18.901588439941406 9
-32.536495208740234 65.50653839111328 8
-34.08730697631836 62.44728088378906 8
-35.285621643066406 69.04736328125 8
-35.9524040222168 67.84130859375 8
-48.193267822265625 25.466279983520508 8
4.449042320251465 54.82086181640625 8
-15.174123764038086 71.00869750976562 8
-32.59543228149414 65.41011047363281 8
5.274207592010498 57.014015197753906 8
-15.12474250793457 66.74781036376953 8
-18.63462257385254 49.563968658447266 8
4.222489356994629 55.657386779785156 8
-20.99063491821289 46.18607711791992 8
-5.143767833709717 60.80265426635742 8
-33.44060134887695 54.9596061706543 8
-47.92522430419922 25.253841400146484 8
-32.9566764831543 68.47826385498047 8
-20.693593978881836 69.95177459716797 8
-32.948280334472656 68.28022766113281 8
-18.182100296020508 49.39625549316406 8
-32.92742156982422 68.38059997558594 8
11.969693183898926 59.884056091308594 8
-59.911293029785156 22.619693756103516 8
-38.77339553833008 20.109413146972656 8
-35.74187469482422 52.53724670410156 8
-10.531014442443848 56.91143035888672 8
-37.248748779296875 54.12828826904297 8
12.347084045410156 59.955135345458984 8
-10.530625343322754 56.91123580932617 8
-37.248634338378906 54.12839126586914 8
-30.25041389465332 53.94218826293945 8
11.969318389892578 59.88410568237305 8
-9.372784614562988 60.380104064941406 8
-25.103870391845703 45.76945495605469 8
-47.88371658325195 22.9462890625 8
-23.180118560791016 63.32536697387695 8
-23.278297424316406 63.265472412109375 8
-47.76008605957031 25.184537887573242 8
-8.605147361755371 63.87980651855469 8
-31.218050003051758 57.16142654418945 8
8.374320983886719 54.801937103271484 8
-35.28607177734375 69.0404281616211 8
-35.879844665527344 67.92862701416016 8
-47.92716979980469 25.337202072143555 8
-20.144548416137695 -52.34721374511719 9
-20.238779067993164 -29.312196731567383 9
-21.815746307373047 -45.91816329956055 9
63.35464859008789 -9.224367141723633 0
57.078697204589844 52.49697494506836 0
-40.431514739990234 -32.64665603637695 9
33.616355895996094 42.18862533569336 9
79.13764190673828 15.044828414916992 9
15.182958602905273 -13.702116966247559 7
28.485139846801758 -24.40273094177246 7
28.3106632232666 -24.226369857788086 7
15.398565292358398 -14.547260284423828 7
18.66939353942871 -17.591480255126953 7
30.89484405517578 -49.87062454223633 9
34.699947357177734 -39.36991500854492 0
38.79033279418945 46.58536911010742 0
28.4932861328125 -44.64596176147461 0
24.403249740600586 -43.08084487915039 0
16.285247802734375 -46.91143035888672 0
24.18349266052246 -43.03287887573242 0
34.81055450439453 -39.41324996948242 0
23.74711799621582 -51.883174896240234 0
23.230512619018555 -51.139244079589844 0
-41.215763092041016 -24.227136611938477 0
4.488230228424072 -54.66555404663086 0
30.216434478759766 -42.9067497253418 0
39.16022872924805 -52.711090087890625 0
26.553892135620117 -45.1384391784668 0
22.57653045654297 -38.87722396850586 0
-30.61730194091797 -24.213579177856445 0
19.500913619995117 -50.84678268432617 0
-30.49931526184082 -24.500102996826172 0
-19.4727783203125 -48.759830474853516 0
23.019149780273438 -36.671913146972656 0
24.960081100463867 -44.52164077758789 0
28.251842498779297 -46.06940841674805 0
26.69774055480957 -49.51350784301758 0
36.94396209716797 -48.329071044921875 9
16.18754768371582 -24.253742218017578 9
29.89265251159668 -46.70781707763672 9
29.694637298583984 -47.1116828918457 9
38.035987854003906 -33.428836822509766 0
27.777244567871094 -46.972808837890625 0
22.523998260498047 -39.402523040771484 0
-39.66817855834961 -37.718544006347656 0
-52.49418258666992 4.949673175811768 0
-57.63999938964844 -24.909420013427734 0
14.57299518585205 -52.484619140625 0
38.253173828125 -38.85477066040039 0
31.617704391479492 -44.11262893676758 0
-2.8486151695251465 -34.708595275878906 0
23.90862274169922 -35.23098373413086 0
28.931154251098633 -54.03420639038086 0
29.006380081176758 -54.208099365234375 0
-38.085758209228516 -6.418850421905518 0
30.688936233520508 49.10023880004883 0
21.1201229095459 -48.32332229614258 0
23.61066436767578 -51.89491653442383 0
1.4157674312591553 15.959298133850098 0
1.2526947259902954 16.363554000854492 0
15.518898963928223 26.940872192382812 0
-11.767611503601074 21.372650146484375 0
32.65177536010742 -42.28434753417969 0
-40.02527618408203 -25.25774574279785 0
23.686668395996094 -35.47312927246094 0
23.848875045776367 -43.17178726196289 0
-55.897605895996094 -7.853523254394531 0
-39.94540023803711 3.926643133163452 0
35.892784118652344 -50.58654022216797 0
-56.05990982055664 -25.293914794921875 0
-56.42329406738281 -25.32381820678711 0
-49.36515808105469 -5.764959812164307 0
-50.06638717651367 -13.912050247192383 0
-32.07176208496094 56.91477966308594 5
-40.54449462890625 -32.298194885253906 0
-56.7239990234375 -25.97432518005371 0
21.636709213256836 -44.00381851196289 0
23.00942611694336 -36.69979476928711 0
21.433202743530273 -51.53303909301758 0
73.0732650756836 -34.44115447998047 9
21.26109504699707 -50.28331756591797 0
22.558176040649414 -37.400856018066406 0
27.121692657470703 -17.012964248657227 0
15.276366233825684 -14.202714920043945 0
-26.743755340576172 -19.185359954833984 0
-26.705707550048828 -19.546289443969727 0
-26.916519165039062 -18.294111251831055 0
-24.163551330566406 7.471500873565674 0
21.7724666595459 -51.135597229003906 0
15.479120254516602 -52.728858947753906 0
20.500900268554688 -54.188297271728516 0
-37.63822555541992 3.6142923831939697 0
-19.088680267333984 -48.43695831298828 0
-37.00767517089844 -3.944697618484497 0
27.995826721191406 -44.715641021728516 0
32.098445892333984 -42.47855758666992 0
30.034231185913086 -50.372650146484375 0
38.52254104614258 -34.858177185058594 0
-57.58592224121094 -16.01422882080078 4
-51.5560417175293 -5.603792667388916 0
36.983943939208984 -46.9924201965332 0
36.47129440307617 -46.16059112548828 0
37.99626159667969 -33.41040802001953 0
-50.45465087890625 -17.018917083740234 0
30.16605567932129 -49.899234771728516 0
-8.608731269836426 -0.16652514040470123 0
-0.8504244089126587 11.310014724731445 9
29.900331497192383 -46.75048065185547 9
29.90057945251465 -46.76138687133789 9
-56.833553314208984 -18.040430068969727 0
30.017423629760742 -42.40566635131836 0
30.068584442138672 -44.72929000854492 0
23.311399459838867 -43.9515380859375 0
36.55379867553711 -46.0634765625 0
36.94489669799805 -48.32802200317383 0
-23.959814071655273 7.003640174865723 0
25.64789390563965 -43.25617218017578 0
23.90182876586914 -45.469547271728516 0
-62.29762268066406 -9.372257232666016 2
-59.99490737915039 -20.88210678100586 2
-63.47999954223633 -16.43080711364746 2
-26.438589096069336 -55.99262619018555 7
28.53105354309082 -1.6515144109725952 2
-26.74195098876953 11.859886169433594 0
-45.489479064941406 -21.884136199951172 2
-45.42841720581055 -23.534624099731445 2
-21.89858055114746 35.443115234375 2
-26.774654388427734 11.855714797973633 2
35.30709457397461 12.115290641784668 2
-54.66356658935547 -19.710779190063477 2
-46.075843811035156 -15.491875648498535 2
-54.67527389526367 -20.285438537597656 2
-47.755653381347656 -1.138126254081726 2
63.016700744628906 3.6785194873809814 2
53.38761520385742 27.462804794311523 2
63.51797866821289 2.7203774452209473 2
64.54087829589844 2.496619939804077 2
72.02519226074219 21.239835739135742 2
63.01701354980469 3.6785647869110107 2
65.28404235839844 2.0487639904022217 2
-28.788185119628906 12.284209251403809 2
7.696001052856445 -68.26505279541016 2
18.912439346313477 -19.94075584411621 2
-32.68520736694336 25.327587127685547 2
-75.00997924804688 -12.243876457214355 2
-48.561668395996094 -1.841321587562561 2
69.61327362060547 25.008481979370117 2
-50.50197982788086 -1.4752358198165894 2
-44.17198181152344 -8.736660957336426 2
-52.02306365966797 -11.245887756347656 2
-51.393611907958984 -11.618901252746582 2
-8.375388145446777 -21.38477325439453 2
-7.960640907287598 30.4481143951416 2
-46.841796875 -3.3607194423675537 2
-45.19866180419922 -9.080047607421875 2
37.623992919921875 32.504703521728516 2
-60.6291389465332 0.2008214145898819 2
-40.25950241088867 -18.165069580078125 2
-40.242698669433594 -18.133052825927734 2
-47.407737731933594 -15.33946704864502 2
19.40862464904785 16.255630493164062 2
18.771068572998047 34.77791213989258 2
-48.517112731933594 -11.953129768371582 2
10.830385208129883 27.54644203186035 2
9.982145309448242 -26.973928451538086 6
9.3384370803833 -24.885339736938477 6
13.782870292663574 -6.818807601928711 9
-59.139286041259766 -15.451684951782227 9
26.56952476501465 -21.71214485168457 1
-27.64339256286621 -43.6212272644043 1
-50.09328842163086 -22.999393463134766 1
-18.61212158203125 -47.51406478881836 1
-45.93757247924805 18.366273880004883 1
-20.035518646240234 62.252418518066406 1
63.175106048583984 16.099327087402344 9
13.323533058166504 65.04236602783203 1
17.541128158569336 65.12704467773438 1
-12.747424125671387 -4.132530212402344 1
-37.90087127685547 17.348430633544922 1
23.939409255981445 -24.390798568725586 1
40.91435623168945 -21.422626495361328 1
-36.410797119140625 15.247241020202637 1
-36.41843032836914 15.247458457946777 1
40.91328811645508 -21.422454833984375 1
30.46328353881836 -8.08862590789795 1
-19.175138473510742 -9.120245933532715 1
17.951993942260742 -13.001663208007812 1
17.80079460144043 -9.867441177368164 1
-41.86272430419922 18.243026733398438 1
-41.88030242919922 18.2269229888916 1
24.172039031982422 -20.740692138671875 1
-11.796093940734863 -7.305720329284668 1
-52.702083587646484 23.71192741394043 1
-52.92097473144531 23.24674415588379 1
-11.832603454589844 -7.170787334442139 1
-52.90917205810547 23.27383804321289 1
-22.75888442993164 -32.54977035522461 1
-21.452524185180664 23.225751876831055 1
-21.89004898071289 22.575307846069336 1
3.0022008419036865 -30.4423885345459 1
-22.235124588012695 -30.072599411010742 4
-29.84273910522461 -59.55234909057617 5
54.00444412231445 28.61380386352539 7
-52.638736724853516 -16.910083770751953 7
-13.142925262451172 10.074524879455566 8
-13.251766204833984 -41.506526947021484 5
-7.648055553436279 -44.096073150634766 0
-5.609195232391357 -55.31695556640625 0
-13.358776092529297 -54.6025390625 0
-8.86475658416748 -31.605636596679688 0
-23.783302307128906 -7.513691425323486 0
-9.74919605255127 -44.736717224121094 0
-9.023696899414062 -31.69229507446289 0
58.52067184448242 -16.41990852355957 7
2.0981783866882324 -4.379889011383057 8
-49.60768508911133 -11.237265586853027 8
69.91879272460938 35.06533432006836 0
57.254119873046875 51.23210525512695 0
54.81904602050781 -5.776646614074707 0
-43.722145080566406 -38.24773025512695 0
-40.77418518066406 -0.9035873413085938 9
-13.234436988830566 22.898786544799805 5
16.669677734375 2.6453185081481934 5
22.513660430908203 26.189714431762695 5
-32.969703674316406 26.932058334350586 2
-14.989158630371094 -44.563011169433594 4
65.89118194580078 -36.53993225097656 4
37.29999923706055 -22.321578979492188 5
-31.279281616210938 -2.9229683876037598 4
5.718320369720459 -78.99349212646484 9
-74.62841796875 -40.469722747802734 9
75.14801025390625 -32.24351119995117 9
75.14802551269531 -32.24349594116211 9
5.329984188079834 -76.1470947265625 9
5.330977439880371 -76.14888763427734 9
70.87321472167969 -19.500980377197266 9
70.8946762084961 -19.465925216674805 9
3.867286205291748 -73.12490844726562 9
2.2909224033355713 -75.13299560546875 9
35.67047119140625 -27.96322250366211 4
17.949893951416016 -17.951250076293945 4
20.774206161499023 43.670989990234375 4
-58.0469970703125 13.636962890625 4
-12.169158935546875 -47.78940963745117 4
-12.220663070678711 -47.804237365722656 4
-21.587127685546875 5.510156154632568 4
37.67204666137695 7.344497203826904 4
-4.264974117279053 -56.03300476074219 9
-47.79530334472656 -14.972522735595703 1
42.73686981201172 60.2534294128418 1
56.06697082519531 -4.447458744049072 9
-27.6431941986084 -17.026479721069336 9
43.730167388916016 -28.46537971496582 2
-29.69765853881836 -13.498204231262207 5
48.13968276977539 -22.910070419311523 0
43.51152038574219 -30.898143768310547 0
-17.99657440185547 -63.04241180419922 9
-18.01521873474121 -63.03298568725586 9
-11.98340892791748 25.194787979125977 2
68.076904296875 -27.22052764892578 1
42.92231750488281 9.427419662475586 1
68.0550308227539 -27.219179153442383 1
44.11011505126953 13.1402587890625 4
37.672367095947266 7.344240188598633 4
30.120101928710938 27.971460342407227 9
22.74139404296875 -34.6998405456543 9
-2.584223508834839 -4.71505069732666 9
43.29958724975586 8.623133659362793 9
44.28664016723633 60.90787124633789 5
36.76998519897461 -14.862462043762207 5
42.70695495605469 8.076475143432617 9
44.545997619628906 61.05961608886719 5
72.93244171142578 1.769981026649475 0
-18.720272064208984 -56.61774444580078 5
-30.598169326782227 -58.11040115356445 5
-27.315906524658203 -58.2440299987793 5
68.58177185058594 -30.27171516418457 9
-24.745113372802734 -45.337196350097656 9
43.82865524291992 12.893166542053223 5
-1.5332268476486206 -11.30102252960205 9
-51.57600784301758 -27.07295036315918 0
-49.6688346862793 -33.39830017089844 9
-7.49491024017334 3.6674556732177734 9
-29.046445846557617 1.5212842226028442 9
67.8740234375 45.05691146850586 5
-12.92386245727539 -10.847844123840332 9
-25.369674682617188 -31.280921936035156 9
-43.648033142089844 22.424381256103516 9
-43.52526092529297 22.67656707763672 9
-16.709190368652344 -1.6921262741088867 9
-12.062870025634766 -60.94490432739258 9
37.08699035644531 16.113075256347656 2
36.30841827392578 15.740349769592285 2
44.38114929199219 13.06152629852295 3
-15.896302223205566 -49.65913772583008 2
70.71294403076172 -28.914688110351562 4
75.92964935302734 17.07746124267578 5
25.33379554748535 48.57606506347656 5
3.663102865219116 9.573616981506348 5
10.26216983795166 -30.175939559936523 5
-4.986435413360596 -14.057083129882812 2
-26.732229232788086 -2.912554979324341 9
-40.685760498046875 13.537397384643555 9
32.29015350341797 52.72789764404297 9
48.818199157714844 18.70110321044922 9
-14.134763717651367 -24.235916137695312 9
-4.014151096343994 -44.91543197631836 9
-28.52714729309082 -59.6951789855957 9
68.11842346191406 43.99150085449219 9
-71.83135986328125 1.9335131645202637 9
10.523216247558594 12.82112979888916 9
22.618349075317383 -19.563936233520508 9
-3.4573006629943848 50.958744049072266 9
-72.30642700195312 0.2690284252166748 7
54.007484436035156 37.604652404785156 6
46.63101577758789 -18.300447463989258 5
48.075897216796875 -20.507240295410156 6
40.77132797241211 3.5470378398895264 6
-46.297183990478516 17.64676284790039 6
43.05772018432617 -17.23036003112793 6
44.63845443725586 10.26771354675293 6
57.99668884277344 -32.57364273071289 6
27.813499450683594 -21.449560165405273 6
14.04043197631836 21.49318504333496 6
16.771148681640625 9.590195655822754 6
24.543344497680664 47.74251174926758 6
35.452796936035156 -0.35287243127822876 6
40.77132797241211 3.5470378398895264 6
48.40053176879883 -18.91546630859375 6
5.338123798370361 14.094230651855469 6
17.36447525024414 -9.901019096374512 6
47.82212829589844 -19.249547958374023 6
57.88485336303711 -32.94293975830078 6
57.792816162109375 -18.475196838378906 6
46.74204635620117 1.58936607837677 6
36.708621978759766 -0.8632975816726685 6
48.32344436645508 -18.95810890197754 6
72.1141586303711 -1.5267918109893799 6
40.951026916503906 8.832694053649902 6
52.68204116821289 -27.606016159057617 6
37.55105972290039 0.6477750539779663 6
43.514373779296875 -25.154191970825195 1
52.3228645324707 -6.295135498046875 1
21.31968116760254 64.56892395019531 1
60.23163604736328 -19.08043098449707 1
57.409393310546875 -21.3237361907959 4
46.35865020751953 -26.598529815673828 1
-29.51455307006836 55.39897537231445 2
46.27379608154297 -26.603111267089844 1
37.672088623046875 7.34428071975708 1
50.24901580810547 -16.57379913330078 1
50.19904708862305 -17.29085350036621 5
-6.586884021759033 -50.882728576660156 7
29.245878219604492 -12.208845138549805 8
-27.894893646240234 -45.84819030761719 7
-19.552173614501953 -65.44367980957031 7
-64.92562103271484 12.40813159942627 7
-64.54065704345703 11.832441329956055 7
20.632110595703125 -9.279354095458984 8
1.854429006576538 63.439666748046875 9
-45.405696868896484 13.606834411621094 9
-5.803762912750244 62.05998611450195 9
-6.272981643676758 -44.82209396362305 0
-25.035144805908203 10.971362113952637 9
-22.2857666015625 -24.83707618713379 7
65.98991394042969 35.39299774169922 9
1.218611240386963 7.010753631591797 8
-17.022249221801758 8.3567476272583 8
-36.71465301513672 23.04330825805664 8
17.316085815429688 59.242835998535156 9
-45.08778381347656 13.421586036682129 9
22.965848922729492 32.05361557006836 9
-44.666969299316406 13.408976554870605 9
1.7681684494018555 5.879341125488281 9
-63.44199752807617 3.917112350463867 9
25.308528900146484 45.75885009765625 9
20.204269409179688 -24.753406524658203 9
-10.507894515991211 -43.522552490234375 9
25.947303771972656 56.229522705078125 9
20.405963897705078 2.0514004230499268 9
79.60017395019531 13.213098526000977 7
-61.95905685424805 9.546916007995605 7
-48.67555618286133 7.188438892364502 7
74.78952026367188 22.817913055419922 9
-39.02083969116211 -1.212060570716858 7
-37.28701400756836 7.272401332855225 7
-33.224918365478516 -3.7355470657348633 4
-11.895367622375488 46.239967346191406 8
0.9776884913444519 29.497631072998047 3
1.4109050035476685 30.81780433654785 3
50.978633880615234 46.879581451416016 3
-2.3756115436553955 -0.8821600675582886 3
4.090653419494629 2.644986867904663 3
65.2156982421875 35.511322021484375 3
-0.26848509907722473 24.198505401611328 3
37.94524002075195 11.813965797424316 3
2.864750385284424 -21.931529998779297 3
5.473554611206055 24.393028259277344 9
3.560088634490967 -22.79375648498535 3
-2.548719644546509 -16.671815872192383 9
2.864798069000244 -21.932228088378906 3
26.62815284729004 52.191429138183594 3
43.22624588012695 -7.993276596069336 3
31.1590518951416 35.4217643737793 3
42.969181060791016 -20.44326400756836 3
1.9480772018432617 13.719178199768066 3
-14.693669319152832 19.58888053894043 3
7.593378067016602 0.9951901435852051 3
-23.222293853759766 -12.287262916564941 3
-56.057106018066406 19.182453155517578 3
56.4916877746582 36.33205795288086 3
2.657843828201294 -23.12029457092285 3
19.528778076171875 20.162023544311523 3
2.8647046089172363 -21.932497024536133 3
1.8701790571212769 -50.551002502441406 3
40.985469818115234 -7.498407363891602 3
-6.424515247344971 15.60566234588623 3
23.532451629638672 25.607990264892578 9
-12.397692680358887 45.495479583740234 8
-3.383042097091675 66.56366729736328 8
-16.49714469909668 42.248138427734375 8
-21.888669967651367 28.113414764404297 8
-16.630189895629883 41.566009521484375 8
-17.916500091552734 41.03200912475586 8
-21.24268913269043 54.22835159301758 8
-18.366743087768555 52.26860809326172 8
-17.225988388061523 41.02336883544922 8
36.070823669433594 18.85796356201172 8
-7.528425693511963 61.022666931152344 8
-39.55809783935547 -43.29112243652344 0
-1.7844921350479126 -52.43014907836914 0
-61.74180603027344 33.855628967285156 8
-49.20731735229492 42.42170715332031 8
-53.90685272216797 39.15138626098633 8
-55.18963623046875 14.870697975158691 8
-61.43302536010742 33.06901168823242 8
-54.493106842041016 36.2901611328125 8
-56.016048431396484 36.3521728515625 8
-52.17057418823242 42.48931121826172 8
-53.875274658203125 40.702606201171875 8
-56.4891242980957 37.75367736816406 8
-56.38813781738281 37.53291320800781 8
-51.18824768066406 44.6972541809082 8
-61.68236541748047 32.04291915893555 8
-56.61270523071289 36.51945114135742 8
-56.612770080566406 36.51945495605469 8
-54.09278106689453 39.74856948852539 8
-44.96153259277344 30.542085647583008 8
-55.46710205078125 37.81708908081055 8
-62.47826385498047 32.349735260009766 8
-55.439144134521484 37.04572677612305 8
-54.787864685058594 36.07159423828125 8
-55.21763229370117 36.63523864746094 8
-55.127925872802734 38.007904052734375 8
-53.63779067993164 40.42656326293945 8
-58.84189224243164 -51.17005920410156 0
-58.843441009521484 -49.45049285888672 0
-63.23754119873047 31.812835693359375 8
-53.65559005737305 45.19453811645508 8
-45.82610321044922 32.582069396972656 8
-54.12102508544922 44.45951461791992 8
-61.57457733154297 30.9210205078125 8
-63.872642517089844 30.740331649780273 8
-62.1270751953125 31.217851638793945 8
-62.46442794799805 30.795169830322266 8
-46.69338607788086 32.10884094238281 8
-61.71811294555664 31.344507217407227 8
-63.69480895996094 30.768291473388672 8
-63.05343246459961 30.456159591674805 8
-63.24586486816406 31.690200805664062 8
-61.246185302734375 -49.59923553466797 0
-58.83599853515625 -49.47803497314453 0
-62.00221633911133 23.798917770385742 8
-61.9738883972168 23.762182235717773 8
-63.13520431518555 -45.341941833496094 0
-59.866859436035156 -42.338687896728516 0
-61.49634552001953 33.71405792236328 8
-53.262237548828125 46.31657791137695 8
-30.38245964050293 -44.62908172607422 0
-61.198890686035156 -50.04385757446289 0
-63.64701843261719 -44.723533630371094 0
-61.19929504394531 -50.04615783691406 0
-58.222190856933594 -52.74507141113281 0
-60.972652435302734 -42.45499038696289 0
-39.89528274536133 -55.70930862426758 0
-58.78141403198242 -36.193458557128906 0
-39.92103576660156 -55.70803451538086 0
-38.252685546875 -57.65882873535156 0
-60.535255432128906 -40.16014862060547 0
-58.8568115234375 -37.17322540283203 0
-60.03547286987305 -43.534637451171875 0
-60.02198028564453 21.945175170898438 8
-55.4426155090332 43.592201232910156 8
-28.986196517944336 -45.47943115234375 8
-62.76428985595703 32.249916076660156 8
-57.506778717041016 -52.06937026977539 0
-31.071828842163086 -54.992774963378906 0
-57.92829132080078 -50.91056442260742 0
-42.70994567871094 7.584512710571289 0
-60.47720718383789 -49.57373046875 0
-61.15194320678711 20.763959884643555 8
-60.654727935791016 21.350095748901367 8
-40.0531120300293 -42.66530990600586 0
-40.58677291870117 -42.16101837158203 0
-54.08468246459961 -50.36392593383789 0
-40.36996078491211 -42.309043884277344 0
-60.110450744628906 -50.64734649658203 0
-72.13642120361328 -0.04689817875623703 7
-48.85906982421875 7.840397834777832 7
-31.02008628845215 -42.436988830566406 7
-60.20037841796875 -43.1956672668457 0
-59.28194046020508 21.678865432739258 8
-59.97398376464844 22.243818283081055 8
-32.09657669067383 -58.58308792114258 0
-34.02195358276367 -58.69999313354492 0
-34.5605583190918 -55.31880187988281 0
-34.327049255371094 -56.150665283203125 0
-34.499576568603516 -55.28171920776367 0
-80.62898254394531 -0.722661554813385 0
13.176372528076172 -20.11748695373535 0
-38.69955062866211 -57.054386138916016 0
-32.993534088134766 -53.31861877441406 0
-33.85580062866211 -58.413665771484375 0
-32.43621826171875 -53.34639358520508 0
-29.79861068725586 -56.246055603027344 0
-26.542726516723633 -33.51858901977539 0
-27.668800354003906 -59.50360870361328 0
-38.347572326660156 -57.50326156616211 0
-63.67705535888672 -1.5352553129196167 0
13.257270812988281 -20.14011573791504 0
-58.2786979675293 14.388313293457031 7
-48.76469039916992 7.903936862945557 7
-54.05564498901367 16.20282745361328 7
-60.719886779785156 -42.641212463378906 0
58.158023834228516 -31.424495697021484 7
28.93336296081543 32.94152069091797 3
2.4510550498962402 -12.563185691833496 4
-31.20867919921875 -41.956146240234375 7
21.065719604492188 -6.511202335357666 4
-31.889785766601562 -44.449275970458984 4
19.685365676879883 -25.463462829589844 3
8.231939315795898 -19.62954330444336 3
47.81510543823242 0.3994409441947937 3
7.453352928161621 16.072311401367188 3
8.914090156555176 -19.0700626373291 3
47.87130355834961 0.21854692697525024 3
8.777874946594238 -19.16752815246582 3
41.332183837890625 -30.799964904785156 3
25.19032859802246 -25.780487060546875 3
47.68412780761719 0.5609217286109924 3
-0.7748867869377136 24.77469253540039 3
-0.35135558247566223 24.452436447143555 3
7.5670342445373535 16.00830078125 3
7.145135402679443 16.376352310180664 3
39.989009857177734 10.354994773864746 3
47.79856872558594 0.33603155612945557 3
5.6140666007995605 -9.310733795166016 3
2.5053796768188477 -21.685443878173828 3
38.93511199951172 9.317816734313965 3
24.05276107788086 -27.25273323059082 3
-27.479381561279297 -59.17519760131836 4
-34.05823516845703 -58.820823669433594 4
-31.763731002807617 -52.9396858215332 4
24.810901641845703 38.817081451416016 9
-11.477472305297852 -3.404981851577759 9
0.31071993708610535 -32.556968688964844 4
0.2997620701789856 -32.536224365234375 4
-25.5978946685791 -59.09698486328125 4
-42.21234130859375 -43.25529861450195 9
-18.925968170166016 -64.73001861572266 4
14.223867416381836 -22.590641021728516 3
-4.332096576690674 51.07073211669922 3
18.279586791992188 -22.40313720703125 9
28.348976135253906 -8.918081283569336 9
21.218111038208008 -18.24152946472168 9
16.027671813964844 -9.71679973602295 9
-52.34640884399414 -21.491235733032227 1
16.58588981628418 -22.51725959777832 6
-51.41400146484375 15.329778671264648 6
-51.99678421020508 15.30825424194336 6
-39.45846176147461 -22.671754837036133 4
27.984607696533203 -10.245108604431152 9
-46.325401306152344 17.454988479614258 4
43.510345458984375 7.168242454528809 9
44.363224029541016 -8.49292278289795 9
-41.65552520751953 11.161627769470215 6
-77.44055938720703 -6.884354114532471 4
-55.54405212402344 2.9894683361053467 0
49.09858703613281 -41.77142333984375 2
35.41248321533203 11.295744895935059 2
59.62554168701172 0.8089861869812012 2
-31.46918296813965 -7.187971591949463 2
-21.3670654296875 -45.28787612915039 7
-24.457860946655273 -32.2967643737793 7
-18.167993545532227 -65.69123840332031 7
-40.69914245605469 -34.56416320800781 7
-39.11114501953125 5.900139331817627 9
17.319293975830078 -16.97979736328125 9
-60.57067108154297 -5.816967010498047 9
-24.091327667236328 -32.06955337524414 7
-27.110137939453125 -61.490867614746094 6
-36.07146453857422 5.285491943359375 7
-15.258604049682617 -60.76250457763672 7
-6.940404415130615 -42.54279708862305 7
-27.091737747192383 -30.07025718688965 2
