x y label
1.0174123048782349 -1.041704535484314 4
17.961685180664062 8.10988998413086 7
30.450162887573242 19.001474380493164 8
1.0495409965515137 -48.50971221923828 3
26.280561447143555 23.844179153442383 7
-58.4155158996582 2.8497862815856934 9
21.165565490722656 -11.618433952331543 0
-0.5701550245285034 -13.290875434875488 9
-0.28031954169273376 -21.60343360900879 0
20.988252639770508 -10.556690216064453 9
15.894497871398926 -37.11590576171875 9
16.994382858276367 6.234169960021973 7
-57.02700424194336 0.37310075759887695 9
37.59659194946289 16.26712989807129 8
4.003411293029785 -20.381006240844727 0
7.981489181518555 12.087455749511719 0
-27.59088134765625 2.5954952239990234 9
-54.855037689208984 -8.271689414978027 9
3.281507968902588 4.9574055671691895 0
-59.41143798828125 -3.7615725994110107 9
38.73698806762695 30.75330924987793 8
-19.078279495239258 -30.710336685180664 1
-24.742605209350586 -18.594030380249023 0
-35.16047668457031 -21.913179397583008 9
39.41658401489258 5.282886505126953 8
-0.5085858702659607 15.994091033935547 7
8.246301651000977 10.014810562133789 0
24.457923889160156 -29.888954162597656 9
-4.741035461425781 -3.9093594551086426 9
0.06108221039175987 -6.988552093505859 4
-4.3041205406188965 42.79010009765625 0
-3.891531229019165 33.360111236572266 4
-32.924705505371094 19.08648109436035 1
44.68135070800781 -10.498686790466309 9
16.923032760620117 0.864313006401062 4
-0.5482991933822632 19.335468292236328 7
8.238543510437012 -2.472465753555298 2
2.459925413131714 31.740163803100586 2
41.62687301635742 21.47344970703125 8
16.170869827270508 8.69471263885498 7
-3.8745367527008057 -29.969554901123047 0
-7.978043556213379 -19.216516494750977 4
-15.653840065002441 -29.097671508789062 1
-24.15932846069336 12.951988220214844 1
36.520381927490234 -0.32948511838912964 9
8.518449783325195 -37.0278434753418 3
29.479999542236328 19.317880630493164 9
17.31804656982422 16.51473045349121 8
34.42535400390625 19.863544464111328 1
12.190382957458496 20.629859924316406 1
-3.4365527629852295 30.14560317993164 4
22.758756637573242 -10.542978286743164 9
-6.542054176330566 34.19601821899414 4
43.21168518066406 4.464114189147949 8
2.146544933319092 -10.8280029296875 5
-24.065460205078125 11.695159912109375 1
20.781700134277344 26.414026260375977 8
7.9703803062438965 9.014687538146973 0
-55.55946731567383 -2.8966689109802246 9
-13.809148788452148 -9.744866371154785 5
-21.159177780151367 -3.080874443054199 2
0.24286788702011108 -49.91363525390625 3
17.57948875427246 -0.717296302318573 4
3.0345211029052734 40.78183364868164 9
-44.38788604736328 6.317782402038574 1
7.799959182739258 6.49465274810791 0
-17.075231552124023 -29.585712432861328 1
-36.537357330322266 7.354458332061768 1
9.236254692077637 -46.850624084472656 3
5.090714931488037 -47.408931732177734 3
-58.56937026977539 -5.326920509338379 9
-1.9158997535705566 17.669570922851562 2
20.130584716796875 40.3006477355957 9
31.09794807434082 13.818857192993164 8
29.114614486694336 12.539365768432617 8
-0.781573474407196 15.683547019958496 7
22.78118133544922 -29.7878360748291 9
-5.197050094604492 -0.4631512761116028 4
3.2961788177490234 24.460954666137695 7
22.588356018066406 -29.427047729492188 9
6.465839862823486 40.53837966918945 9
-13.525371551513672 29.026872634887695 4
-3.3920631408691406 -29.909526824951172 0
5.423711776733398 40.82734298706055 9
30.098161697387695 -9.466816902160645 5
-25.792577743530273 4.193774223327637 2
3.0563290119171143 -19.287927627563477 0
-54.77053451538086 -1.3842617273330688 9
16.544639587402344 -34.06513977050781 9
-31.68251609802246 14.810155868530273 1
21.862709045410156 12.336216926574707 7
18.920482635498047 30.3310489654541 9
-54.88497543334961 -8.267815589904785 9
-18.65774917602539 -31.736398696899414 1
-18.408355712890625 -8.648275375366211 1
14.19005012512207 23.36105728149414 8
-28.26047134399414 4.17060661315918 2
-57.15026092529297 -1.1228926181793213 9
22.58702278137207 -4.28432035446167 4
1.6797126531600952 -48.85159683227539 3
9.137568473815918 5.244039535522461 0
31.535099029541016 -3.533520221710205 0
47.28009033203125 19.6453857421875 8
2.6072216033935547 5.7616167068481445 0
29.0613956451416 12.281380653381348 8
46.34423828125 23.522811889648438 8
26.09293556213379 -4.8488450050354 9
19.8574275970459 28.5244140625 4
-9.398628234863281 39.31795883178711 4
47.93339538574219 3.8672523498535156 8
-26.639728546142578 3.2134454250335693 2
19.83786392211914 31.246368408203125 1
-61.30012512207031 1.1592687368392944 9
10.535977363586426 -0.044621989130973816 6
-22.791893005371094 19.599891662597656 4
-4.451329708099365 -24.719825744628906 0
12.203057289123535 -8.575960159301758 9
21.370464324951172 -29.830289840698242 9
7.697195529937744 16.569652557373047 0
44.090789794921875 27.459821701049805 8
-3.0431277751922607 -22.01688003540039 0
-49.43838119506836 -14.756009101867676 9
-5.6955437660217285 -3.6125595569610596 9
12.474021911621094 9.023180961608887 7
3.1469571590423584 4.748706817626953 0
35.319332122802734 -3.067150115966797 9
36.16111755371094 29.01910400390625 8
-2.5992395877838135 21.260963439941406 7
0.019795360043644905 13.52818489074707 9
-56.95808792114258 -4.462217330932617 9
44.411659240722656 15.753969192504883 8
1.8356895446777344 27.32279396057129 7
28.48569679260254 28.513051986694336 9
8.54521369934082 -50.54753875732422 3
3.4080920219421387 14.3287992477417 0
-18.928251266479492 -30.652019500732422 1
-52.524871826171875 -5.400543689727783 9
51.24174499511719 12.549107551574707 8
-51.85149002075195 -6.868462085723877 9
3.4286537170410156 6.0498576164245605 0
-8.736289978027344 37.29925537109375 2
-16.289077758789062 34.04899597167969 4
6.376443386077881 -46.39704513549805 3
10.981339454650879 -6.1428399085998535 8
-42.345149993896484 -9.679292678833008 9
39.05115509033203 24.235673904418945 8
-34.94772720336914 17.299020767211914 1
10.153387069702148 12.159507751464844 0
-22.719873428344727 -37.79852294921875 6
33.94667053222656 24.262723922729492 8
0.6613951921463013 8.758957862854004 0
9.04733943939209 4.12986946105957 0
52.26211166381836 18.37380599975586 6
-3.336167335510254 -17.623807907104492 0
-56.322200775146484 -1.4580625295639038 9
-2.3326621055603027 -20.729827880859375 0
35.53733825683594 7.628151893615723 8
-8.489980697631836 14.522397994995117 4
18.105134963989258 10.74232292175293 7
2.880018949508667 7.624418258666992 0
9.99415111541748 12.90381908416748 0
-7.40345573425293 36.75596237182617 7
-13.425004959106445 20.211523056030273 9
44.326019287109375 19.224445343017578 8
35.256080627441406 -20.576976776123047 6
-38.53761291503906 8.550553321838379 1
-21.576889038085938 3.5136098861694336 2
0.995920717716217 25.623334884643555 7
37.726524353027344 -18.0705509185791 6
19.2333984375 5.160125255584717 7
3.3102238178253174 -52.49969482421875 3
27.32074737548828 17.001066207885742 9
-10.409013748168945 14.866499900817871 4
-3.5822107791900635 18.599334716796875 2
12.816896438598633 6.267985820770264 0
2.07185959815979 -49.818016052246094 3
0.5179523825645447 -50.90773391723633 3
-13.433927536010742 -19.559602737426758 4
8.878121376037598 -3.3133952617645264 2
-22.791303634643555 13.979442596435547 1
-1.3247215747833252 -19.06101417541504 0
-62.15708923339844 -1.0871632099151611 9
-36.956451416015625 -0.773865282535553 4
1.4541611671447754 3.752141237258911 0
-7.615677833557129 12.369790077209473 0
34.22024154663086 -0.01797330565750599 0
1.1582010984420776 -23.346677780151367 0
-13.635239601135254 28.55070686340332 4
37.866676330566406 10.329859733581543 8
-59.034095764160156 -1.2545640468597412 9
39.34093475341797 30.755264282226562 8
-37.719669342041016 17.61690902709961 1
14.036964416503906 -33.3451042175293 9
8.706725120544434 5.7220540046691895 0
2.3173158168792725 -52.0214958190918 3
9.232728004455566 -52.804054260253906 3
-6.583052635192871 13.681596755981445 0
7.371692657470703 4.262795448303223 0
5.7360639572143555 -15.026895523071289 0
-2.9361443519592285 -17.988555908203125 0
-58.60210418701172 -0.1276034563779831 9
37.72455596923828 26.75542640686035 8
2.353855848312378 -46.958824157714844 3
45.479427337646484 9.447495460510254 8
12.204895973205566 22.77520751953125 9
-9.309410095214844 35.19840621948242 4
-16.09052085876465 34.162967681884766 4
33.333831787109375 4.627514839172363 0
51.2476806640625 12.509673118591309 8
6.315131664276123 -6.718348979949951 5
-49.96183395385742 -15.092704772949219 9
2.214346408843994 13.439871788024902 0
33.39407730102539 -1.0496087074279785 8
39.724853515625 5.349583148956299 8
-22.605144500732422 0.2608923316001892 2
19.693161010742188 6.345686912536621 7
21.95318031311035 -10.935608863830566 9
-18.699827194213867 -12.256458282470703 1
-46.46522521972656 -8.188606262207031 9
7.831802845001221 12.08037281036377 0
-45.76393508911133 -7.881439685821533 9
-12.757660865783691 30.558473587036133 4
-62.40639114379883 -2.203413486480713 9
-9.170219421386719 -13.086033821105957 9
-19.363483428955078 -16.202133178710938 8
8.462591171264648 -22.00200653076172 9
20.514305114746094 -6.007962703704834 5
-22.237201690673828 29.372730255126953 3
18.175397872924805 -13.968854904174805 0
-61.58656311035156 -2.08367919921875 9
41.6385498046875 8.817643165588379 2
15.952731132507324 -36.614200592041016 9
2.1094164848327637 -17.340259552001953 0
36.407806396484375 3.667813301086426 0
6.725167751312256 -51.91041564941406 3
-5.7305731773376465 -15.502192497253418 0
24.59332847595215 30.486177444458008 7
-53.51136016845703 -2.9282970428466797 9
-34.4242057800293 18.208127975463867 1
-49.0176887512207 -16.008296966552734 9
22.316268920898438 -9.91602897644043 9
26.500288009643555 6.380605697631836 9
9.35014820098877 10.46587085723877 0
44.09404754638672 27.107290267944336 8
-14.145147323608398 -29.470558166503906 1
29.39590835571289 -9.172131538391113 5
-59.613914489746094 -2.3658812046051025 9
-21.751813888549805 -3.5874807834625244 2
-9.173745155334473 -13.091056823730469 9
44.88307189941406 -10.953981399536133 9
-35.21546936035156 -22.61717987060547 9
19.71148681640625 -14.63286304473877 0
-35.076438903808594 -21.444049835205078 9
38.49116516113281 -21.281068801879883 6
-14.220393180847168 4.613729476928711 4
-11.498120307922363 -3.7798140048980713 9
35.16647720336914 1.7702199220657349 0
-3.132962226867676 -23.420413970947266 0
-30.834518432617188 21.331743240356445 1
-55.60011291503906 -14.713069915771484 1
19.854612350463867 -29.60178565979004 9
-25.47406768798828 -11.515127182006836 9
-16.441686630249023 -28.893756866455078 1
15.193437576293945 -17.689109802246094 0
-37.512245178222656 7.733462333679199 1
-6.104904651641846 -5.20856237411499 9
-38.92567443847656 12.596456527709961 1
-2.0043258666992188 -26.664695739746094 0
-37.90007781982422 5.834649085998535 1
0.15582895278930664 34.95870590209961 4
45.40346908569336 4.377566814422607 8
17.537132263183594 -34.35746765136719 9
19.204172134399414 8.687029838562012 7
46.146209716796875 23.236515045166016 8
-12.175777435302734 34.801883697509766 4
-23.244354248046875 13.804503440856934 1
-56.999412536621094 -7.820213317871094 9
-21.807537078857422 3.259443998336792 2
-35.14027786254883 16.897647857666016 1
-60.43878936767578 -7.0005340576171875 9
-25.548809051513672 -1.5620756149291992 2
1.1185604333877563 22.55670166015625 7
20.24072265625 -14.699671745300293 0
-0.22650229930877686 24.776702880859375 7
-0.9353609085083008 -7.291742324829102 5
9.080425262451172 -12.422948837280273 2
-4.857564449310303 -16.82520866394043 0
-10.926286697387695 36.69943618774414 2
27.359697341918945 17.002559661865234 9
-3.1240944862365723 -19.782480239868164 0
-35.9858512878418 6.754179954528809 1
8.218812942504883 -47.06242370605469 3
-2.772080421447754 11.139915466308594 9
-57.65386962890625 -0.050497766584157944 9
37.58237838745117 9.922451972961426 8
-14.677935600280762 -27.61599349975586 1
-43.700218200683594 -9.56422233581543 9
36.11856460571289 28.714309692382812 8
42.601966857910156 28.679960250854492 8
0.8397912383079529 -1.557700753211975 4
4.437143325805664 40.00227737426758 9
44.5307502746582 17.232088088989258 8
-11.50405502319336 -0.26026099920272827 5
11.686369895935059 23.63643455505371 9
-3.6927683353424072 -24.018718719482422 0
-34.57124710083008 -23.001508712768555 9
-37.14291000366211 -0.5865013599395752 4
-22.469133377075195 -0.30202966928482056 2
-6.327978610992432 -22.437105178833008 0
46.64131164550781 4.123741626739502 8
15.580451965332031 42.77821731567383 1
-15.774247169494629 24.25071144104004 7
-50.59233856201172 -5.166146278381348 9
-4.585433483123779 -19.50014305114746 0
-63.014190673828125 -1.9371304512023926 9
6.71602201461792 15.622549057006836 0
-57.895751953125 -2.4560461044311523 9
-16.302200317382812 -23.62479019165039 1
-21.751903533935547 -12.717968940734863 5
47.72605895996094 2.9717016220092773 8
-2.001969337463379 -12.087030410766602 9
4.46840238571167 15.753596305847168 0
-4.194852352142334 14.244811058044434 9
-48.12449645996094 -5.671900272369385 9
-4.517606258392334 10.126651763916016 0
10.29170036315918 9.437454223632812 0
20.151145935058594 40.298770904541016 9
8.610589027404785 -50.192893981933594 3
34.258705139160156 12.73685073852539 8
7.851589679718018 15.761327743530273 0
8.941777229309082 -43.21677017211914 3
-0.009700249880552292 -24.50935173034668 0
-11.284708976745605 -40.08451461791992 9
-0.482641339302063 -18.82115936279297 0
-2.981245517730713 -13.742324829101562 0
-10.390337944030762 5.880606174468994 9
11.090006828308105 17.451107025146484 9
-16.002607345581055 37.813331604003906 1
9.21098518371582 -52.78640365600586 3
-8.158599853515625 -3.320849895477295 9
-15.958667755126953 -3.834676504135132 9
16.500619888305664 5.074924468994141 7
-14.741207122802734 18.704452514648438 9
26.31999397277832 -7.300968170166016 9
41.874942779541016 0.16477705538272858 8
50.75284194946289 12.9004487991333 8
-38.03003692626953 6.875354290008545 1
10.192493438720703 6.977384090423584 0
13.99862289428711 -33.34184646606445 9
37.048988342285156 8.08577823638916 8
-55.52621841430664 5.853509426116943 8
31.94183921813965 -27.20705223083496 2
21.39768409729004 16.14920425415039 8
-61.4271354675293 -5.209216594696045 9
38.56635284423828 13.617441177368164 4
-61.81113815307617 -2.6861119270324707 9
38.032203674316406 20.14413070678711 8
42.653709411621094 28.668807983398438 8
16.120746612548828 -35.410160064697266 9
-19.23233413696289 -26.325271606445312 1
-28.417516708374023 3.347790479660034 1
-1.9991923570632935 16.674575805664062 2
-37.47297286987305 18.04254722595215 1
-25.491321563720703 -0.9475518465042114 2
-56.961509704589844 1.9625838994979858 9
-50.398765563964844 -5.224859714508057 9
21.806949615478516 -8.790349960327148 0
10.492111206054688 -0.05164063721895218 6
-37.438232421875 -12.842101097106934 1
39.33019256591797 1.8915793895721436 4
39.55181884765625 24.002731323242188 8
37.696044921875 4.384616851806641 8
-10.411054611206055 5.874483108520508 9
27.641332626342773 34.95863723754883 7
5.854557514190674 16.210372924804688 0
-1.2716996669769287 -31.661123275756836 0
44.620113372802734 4.679271697998047 8
-4.123323440551758 30.962665557861328 4
7.438647747039795 9.844181060791016 0
22.43486785888672 -30.918594360351562 9
-22.580930709838867 0.2953788936138153 2
-0.7398739457130432 20.545854568481445 7
4.086405277252197 2.7161684036254883 0
30.09231948852539 -20.77727508544922 9
-11.315072059631348 -40.07978439331055 9
29.57888412475586 -2.2152562141418457 0
-6.5438432693481445 18.15070343017578 0
-44.11821746826172 -10.38326644897461 9
6.00313663482666 39.08455276489258 9
12.420853614807129 9.010141372680664 7
5.235227108001709 -35.830745697021484 9
13.432257652282715 -12.049308776855469 6
42.986812591552734 17.96625328063965 8
28.438974380493164 -16.042255401611328 4
22.934375762939453 15.508355140686035 8
8.497269630432129 -46.108951568603516 3
19.986356735229492 -3.198490619659424 6
25.288990020751953 23.080936431884766 7
-35.863319396972656 10.591592788696289 1
-5.134827613830566 -9.404067993164062 0
39.70264434814453 -17.930660247802734 6
29.756786346435547 7.876482009887695 8
-6.439629077911377 36.68390655517578 4
7.342601776123047 41.70962142944336 9
29.302316665649414 -9.073016166687012 5
30.438161849975586 24.17473030090332 8
8.538010597229004 8.863324165344238 0
1.0691380500793457 9.065922737121582 0
-26.548810958862305 -10.938460350036621 2
-55.252140045166016 -4.61478853225708 9
-20.951839447021484 -2.8684592247009277 2
-32.358612060546875 4.901936054229736 1
-32.20386505126953 4.860140323638916 1
18.062328338623047 -29.257736206054688 9
3.339123249053955 -50.77303695678711 3
-58.104671478271484 -1.4335999488830566 9
23.049571990966797 19.362163543701172 8
-1.7007616758346558 14.373214721679688 7
4.948014736175537 -12.77058219909668 0
-10.501347541809082 -3.7907166481018066 9
-4.114073276519775 18.885936737060547 2
42.95191192626953 4.523432731628418 8
-57.1035041809082 -1.2962080240249634 9
43.6994514465332 19.515439987182617 8
-0.8027758002281189 21.968708038330078 7
2.9225592613220215 -11.68719482421875 1
4.826719284057617 -51.68452835083008 3
23.396207809448242 15.501154899597168 8
-36.22972106933594 -21.935787200927734 9
-36.06179428100586 9.061279296875 1
-57.765438079833984 1.5923268795013428 9
2.1581673622131348 -15.788810729980469 0
2.458423137664795 31.786243438720703 2
0.25518250465393066 3.3016021251678467 0
-37.898990631103516 12.510139465332031 1
1.3811026811599731 -5.214156627655029 1
5.337775230407715 -18.754165649414062 0
-39.05115509033203 2.912576198577881 1
39.94512939453125 -18.089941024780273 6
-5.881538391113281 -1.6513882875442505 9
-4.8534111976623535 13.234240531921387 6
-6.505312919616699 31.431182861328125 4
-36.42081069946289 20.188507080078125 1
16.99531364440918 0.8949094414710999 4
-7.217204570770264 -18.211698532104492 0
22.509536743164062 -30.63913917541504 9
33.74730682373047 16.42391586303711 7
42.48072814941406 16.257274627685547 8
-49.185665130615234 -16.716915130615234 9
9.587475776672363 13.376327514648438 0
-27.06863021850586 -15.245026588439941 9
-9.84934139251709 40.27449417114258 4
-4.49929141998291 10.08414077758789 0
16.764015197753906 -17.40255355834961 0
-41.39645004272461 -27.868656158447266 9
-0.46697884798049927 21.017614364624023 7
-25.346689224243164 1.2622958421707153 2
-44.70500183105469 6.1828107833862305 1
-0.3023639917373657 -0.9164959788322449 4
7.789755821228027 -50.987308502197266 3
38.12346267700195 -20.707590103149414 6
20.94709587097168 -27.02667236328125 9
2.077949285507202 -51.2053108215332 3
11.859502792358398 -8.291672706604004 9
34.878414154052734 -1.717098355293274 9
43.62833023071289 -3.1632914543151855 9
1.239694356918335 -23.3010311126709 0
-5.809760570526123 -15.538180351257324 0
11.599456787109375 23.73204231262207 9
4.848731517791748 -49.98783493041992 3
-22.832124710083008 3.8770902156829834 2
16.28255271911621 -16.024839401245117 0
6.4507527351379395 -46.72472381591797 3
-9.207781791687012 9.511482238769531 2
37.418094635009766 -20.23176383972168 6
3.3162269592285156 7.0716118812561035 0
-55.16709899902344 -5.525415420532227 9
23.500333786010742 -25.66558265686035 9
-7.54693078994751 -4.435692310333252 9
1.9733469486236572 25.989957809448242 7
29.382368087768555 8.172319412231445 8
4.213925361633301 -3.300647735595703 9
-5.441108703613281 32.794166564941406 4
-29.7464656829834 3.90024995803833 2
1.767408013343811 24.719221115112305 7
-2.6263179779052734 13.057565689086914 7
-4.9455437660217285 -8.86252498626709 0
-49.25082778930664 -17.04107093811035 9
-5.602869987487793 -17.351770401000977 0
-4.851212501525879 -16.46734046936035 0
44.353057861328125 -9.781102180480957 9
30.69019889831543 23.968347549438477 8
30.82470703125 -6.251271724700928 4
28.29358673095703 -27.397201538085938 2
-22.23525619506836 -37.519432067871094 6
-0.06822265684604645 9.838340759277344 0
16.57124900817871 -1.220151424407959 4
43.29143142700195 24.130632400512695 8
-27.47266960144043 -0.7156106233596802 6
-60.56237030029297 -6.209026336669922 9
8.037698745727539 8.609590530395508 0
0.6097001433372498 26.526947021484375 7
4.13545560836792 15.293113708496094 0
7.408904075622559 -50.898441314697266 3
-10.259142875671387 -3.931025505065918 9
7.445662975311279 -38.07452392578125 2
-53.9156608581543 -0.15043191611766815 9
-26.218429565429688 1.6614962816238403 2
-26.597871780395508 -0.002062091836705804 2
45.874671936035156 2.976813793182373 8
-2.88820219039917 -22.79603385925293 0
28.507280349731445 28.5029239654541 9
0.9865782856941223 9.978126525878906 0
16.488828659057617 -16.92116928100586 0
34.16493225097656 29.631444931030273 8
-31.772777557373047 16.943574905395508 1
28.924999237060547 15.533198356628418 8
32.46531677246094 7.804637908935547 0
-55.415828704833984 1.1422319412231445 9
-5.002849578857422 -1.0107707977294922 6
-12.989945411682129 14.835275650024414 4
2.823295831680298 -19.776493072509766 0
-6.413486957550049 17.973285675048828 0
25.97726058959961 22.181007385253906 7
20.202411651611328 -28.93361473083496 9
8.08524227142334 20.618864059448242 2
25.60690689086914 8.235705375671387 9
38.442989349365234 20.075679779052734 8
33.16678237915039 29.746152877807617 8
23.622426986694336 15.524572372436523 8
-7.142492294311523 38.89706802368164 4
-27.45847511291504 -15.539249420166016 9
-21.71552085876465 28.40422248840332 3
-32.037288665771484 16.767831802368164 1
36.78961181640625 -17.84589385986328 6
14.692425727844238 11.671375274658203 7
37.06682586669922 18.40813446044922 8
-61.23865509033203 1.3354179859161377 9
-0.7620587944984436 8.882940292358398 0
3.595414638519287 7.264829635620117 0
-24.629030227661133 1.3300280570983887 2
46.10824203491211 23.828393936157227 8
8.675582885742188 -27.41625213623047 0
-23.022220611572266 4.165429592132568 2
-57.0062141418457 -4.168700695037842 9
-19.19342041015625 -26.08086395263672 1
-55.135005950927734 -5.486044883728027 9
-2.5237138271331787 -3.3972904682159424 7
45.566253662109375 9.615599632263184 8
19.76323890686035 -31.931743621826172 9
36.7320556640625 14.569700241088867 8
-24.698057174682617 1.4908702373504639 2
-26.332223892211914 16.66185188293457 1
-2.1746017932891846 13.774677276611328 7
-56.563079833984375 -2.6232056617736816 9
8.412646293640137 6.887653350830078 0
12.651376724243164 -9.641362190246582 9
37.63053894042969 27.011240005493164 8
-35.938148498535156 10.241203308105469 1
35.119117736816406 19.90680694580078 8
19.951412200927734 31.404199600219727 1
7.468588829040527 3.4334070682525635 0
43.351924896240234 24.293622970581055 8
3.539529323577881 26.34062385559082 7
-6.414952754974365 34.11948776245117 0
2.3093976974487305 18.243831634521484 2
-19.794706344604492 -30.33083724975586 1
35.07978820800781 -3.239572763442993 9
9.135696411132812 7.478375434875488 0
5.430422306060791 13.271306991577148 5
-35.55683898925781 17.586017608642578 1
24.51734733581543 -1.8509763479232788 0
18.137794494628906 -29.21335220336914 9
-43.65712356567383 6.611335754394531 1
-56.350486755371094 -0.0884002223610878 9
40.77023696899414 16.9355525970459 8
-2.398634910583496 17.866369247436523 2
0.13169623911380768 10.733735084533691 0
41.572425842285156 27.430082321166992 8
1.981562852859497 4.201045989990234 0
0.08835339546203613 13.498531341552734 9
-36.073543548583984 17.126331329345703 1
-3.638056755065918 43.52474594116211 0
7.775408744812012 -48.52070999145508 3
-7.0349249839782715 -4.709328651428223 9
-8.525297164916992 -17.100479125976562 0
6.376006126403809 -6.782100200653076 5
-0.23370018601417542 8.95285415649414 0
7.431277275085449 40.54469299316406 9
29.93644905090332 -14.349326133728027 4
-2.504455327987671 16.66704559326172 2
-14.298163414001465 -30.347814559936523 1
25.25872230529785 -13.165937423706055 0
-3.5383074283599854 29.81665802001953 4
-20.8134708404541 -3.7706778049468994 2
-1.514282464981079 21.519140243530273 7
42.48064041137695 3.472334384918213 0
36.2559928894043 -20.951616287231445 6
7.076994895935059 -38.31207275390625 2
17.822755813598633 19.05107307434082 8
-16.061168670654297 -30.413700103759766 1
-16.405183792114258 -24.994455337524414 1
8.120458602905273 -47.414154052734375 3
3.0419094562530518 -45.52983093261719 9
-7.126311779022217 -18.283376693725586 0
31.96677589416504 -27.243328094482422 2
-19.380416870117188 -31.34073829650879 1
37.587425231933594 16.293142318725586 8
47.903778076171875 18.24098777770996 8
37.351341247558594 -19.267860412597656 6
2.8170056343078613 24.28411865234375 7
-4.973982810974121 -8.845080375671387 0
9.65439510345459 13.451234817504883 0
-1.9898260831832886 -26.67269515991211 0
37.3785400390625 -6.891095161437988 5
3.859156370162964 13.600802421569824 0
-13.384159088134766 -19.59492301940918 4
40.173004150390625 0.509574830532074 4
5.8679890632629395 -9.916382789611816 0
-37.522796630859375 6.223771572113037 1
-60.15385818481445 -6.3409528732299805 9
36.911956787109375 -17.31760025024414 6
-3.0918049812316895 -14.171518325805664 0
39.01465606689453 13.865403175354004 8
1.7373156547546387 -52.55062484741211 3
38.975975036621094 18.753704071044922 8
-10.616883277893066 -3.4153494834899902 9
-11.293198585510254 -21.685148239135742 4
-15.075922012329102 -28.971799850463867 1
17.62314796447754 -0.7450742721557617 4
-7.418248176574707 14.822331428527832 9
3.204101085662842 -45.42588424682617 9
-1.1810541152954102 19.134767532348633 7
-3.8590750694274902 11.545034408569336 0
-15.331317901611328 -4.613801956176758 0
1.3786002397537231 5.8200364112854 0
-1.0264122486114502 9.730562210083008 0
42.46971893310547 12.879451751708984 8
16.02559471130371 26.21232795715332 2
0.8930260539054871 -51.56307601928711 3
20.583419799804688 14.404739379882812 4
-1.2361154556274414 -31.61436653137207 0
-4.536634922027588 -24.854883193969727 0
28.39201545715332 -9.656096458435059 9
29.18878936767578 -15.194137573242188 2
21.39923095703125 16.065954208374023 8
-9.843072891235352 40.220176696777344 4
40.506404876708984 16.979236602783203 8
-11.982629776000977 -28.71352195739746 9
-15.794419288635254 37.78756332397461 1
-0.31117570400238037 -50.82133483886719 3
-7.356970310211182 41.58954620361328 4
-6.686877250671387 30.043697357177734 4
-0.9754019379615784 -24.47760772705078 0
-34.400360107421875 -22.636749267578125 9
-28.224151611328125 5.169301986694336 2
42.317447662353516 16.191579818725586 8
32.600425720214844 -1.435362458229065 0
35.926143646240234 29.911907196044922 8
7.109077453613281 39.289573669433594 9
-2.8268637657165527 14.069724082946777 7
38.608238220214844 0.9586277604103088 4
28.4565372467041 -16.014965057373047 4
47.25031661987305 19.782392501831055 8
16.30805206298828 8.608633041381836 7
8.050752639770508 5.828123092651367 0
-14.890320777893066 5.670727252960205 4
25.605920791625977 -6.153024196624756 9
39.156944274902344 -18.734949111938477 6
11.002752304077148 1.1762813329696655 6
-28.96626853942871 8.122952461242676 8
33.94023132324219 -2.8888792991638184 0
18.279436111450195 -34.3374137878418 9
35.047332763671875 -2.7821452617645264 9
-1.6325957775115967 -29.676403045654297 0
31.56659507751465 -2.2016642093658447 4
-1.1166833639144897 -24.4331111907959 0
-60.36595916748047 -0.869618833065033 9
-16.336353302001953 -24.17572021484375 1
0.6625404953956604 -0.6326726675033569 0
44.869773864746094 17.764692306518555 8
1.7330083847045898 7.612188816070557 0
-55.029624938964844 -1.4127473831176758 9
7.058695316314697 -51.964378356933594 3
-15.732004165649414 -30.423128128051758 1
0.7115216851234436 26.676725387573242 7
-6.591197967529297 -22.024492263793945 0
24.954010009765625 -17.274410247802734 9
1.9319618940353394 -46.83713912963867 3
-27.602127075195312 26.21589469909668 4
17.93204689025879 -14.051017761230469 0
-60.382080078125 -0.629117488861084 9
-23.794084548950195 -16.97298812866211 4
0.893528401851654 -9.55423355102539 1
16.456714630126953 -34.07929229736328 9
20.136568069458008 8.319538116455078 7
23.560657501220703 -25.579498291015625 9
-31.572097778320312 14.914007186889648 1
36.64693832397461 22.919902801513672 8
-0.9711021780967712 -13.177855491638184 9
-21.89141082763672 28.629255294799805 3
19.308517456054688 -14.731368064880371 0
-6.835404872894287 -21.568683624267578 0
-29.2635498046875 0.6494690775871277 0
-13.634623527526855 6.275816917419434 9
22.798547744750977 19.267662048339844 8
32.079341888427734 -3.0344417095184326 0
-48.72535705566406 -15.916838645935059 9
29.446138381958008 19.398395538330078 9
-36.0339469909668 17.786270141601562 1
39.4256706237793 -18.793888092041016 6
29.08679962158203 -7.617616653442383 8
-8.971827507019043 35.24000549316406 4
10.929661750793457 8.037339210510254 0
6.141964912414551 3.886716365814209 0
47.85152053833008 18.382047653198242 8
48.25630569458008 3.8139970302581787 8
39.79142761230469 11.27157974243164 4
-39.326290130615234 12.683365821838379 1
0.8327109813690186 23.921550750732422 7
5.458046913146973 -49.62912368774414 3
10.194601058959961 8.12000560760498 0
-12.027434349060059 -46.70246887207031 9
10.859027862548828 -24.340930938720703 5
-7.37772798538208 41.32896041870117 4
-42.80648422241211 -8.620207786560059 9
21.30448341369629 6.466929912567139 7
-3.703850030899048 43.45230484008789 0
4.190216064453125 5.757779598236084 0
-7.691163063049316 16.311935424804688 9
26.04515838623047 22.28481674194336 7
40.86161804199219 19.88271713256836 8
-58.418121337890625 -5.438776969909668 9
6.800144672393799 8.722400665283203 0
-24.379558563232422 -1.4578371047973633 7
-1.4391738176345825 15.01460075378418 7
-7.578732013702393 12.478848457336426 0
3.567563533782959 26.12120246887207 7
29.92377471923828 -10.336037635803223 5
-5.179197788238525 -20.402795791625977 0
17.953691482543945 6.049218654632568 7
24.72020149230957 -29.867830276489258 9
-20.23319435119629 -2.6329662799835205 2
4.8666253089904785 -16.156272888183594 0
-12.007644653320312 -46.71723556518555 9
-2.240262508392334 6.937869548797607 0
-27.238393783569336 4.358635425567627 6
-58.70859909057617 -2.6490635871887207 9
16.61334991455078 21.659696578979492 8
-3.766017198562622 17.42888069152832 2
21.28819465637207 -12.091390609741211 0
-5.477870464324951 11.443617820739746 0
0.4952126145362854 -21.333099365234375 0
47.480918884277344 9.545217514038086 8
42.39541244506836 19.76228141784668 8
36.2203369140625 -22.436704635620117 6
43.676143646240234 15.026185989379883 8
3.075214147567749 -51.24263000488281 3
1.2152365446090698 -49.596988677978516 3
41.13572311401367 13.887053489685059 8
-6.132579326629639 31.821016311645508 4
16.812618255615234 -31.89537811279297 9
12.21714973449707 -3.100703001022339 5
7.184485912322998 -47.61399841308594 3
23.820674896240234 -2.3966073989868164 0
17.243188858032227 16.40005874633789 8
35.90934753417969 -19.343839645385742 6
17.17853355407715 16.27324676513672 8
-10.805538177490234 20.0003662109375 9
29.97496223449707 -10.528053283691406 5
-2.886871099472046 5.542636394500732 0
47.305908203125 9.50774097442627 8
-18.312015533447266 -30.955543518066406 1
43.81092834472656 3.375298500061035 8
16.119497299194336 -36.113162994384766 9
36.4659309387207 29.54906463623047 8
39.215972900390625 -21.659854888916016 6
6.924765586853027 38.95744323730469 9
4.163225173950195 -49.47722625732422 3
-34.46158218383789 14.331140518188477 1
-10.976949691772461 -22.37827491760254 4
33.1979866027832 13.917871475219727 9
-15.124059677124023 6.675747871398926 4
24.261808395385742 2.965575695037842 4
-9.614239692687988 35.538719177246094 4
2.1227827072143555 -15.859201431274414 0
-48.925270080566406 -1.5078092813491821 9
-57.05125045776367 1.4107829332351685 9
-22.62710952758789 -37.7759895324707 6
6.983510494232178 -50.501914978027344 3
-25.225181579589844 -14.970062255859375 9
44.707096099853516 5.717876434326172 8
5.871758460998535 -14.906538009643555 0
-44.2762336730957 -9.571538925170898 9
-10.78170394897461 12.788918495178223 4
-7.663854598999023 37.06308364868164 7
6.606229305267334 40.350440979003906 9
-1.8560980558395386 9.299262046813965 0
3.288121461868286 14.230351448059082 0
-2.1692099571228027 7.840090274810791 0
7.827123641967773 15.81182861328125 0
-55.429500579833984 1.3579996824264526 9
44.60483932495117 -9.21303939819336 9
15.857498168945312 5.372096061706543 7
39.913021087646484 0.6681842803955078 4
32.421974182128906 -2.613962411880493 0
-0.744561493396759 10.021876335144043 0
-5.447442054748535 10.80075454711914 0
37.06622314453125 7.9812846183776855 8
-1.8884973526000977 20.625743865966797 7
6.238762378692627 -48.842594146728516 3
18.546934127807617 5.891713619232178 7
0.579352617263794 16.32273292541504 7
-1.665769338607788 21.379562377929688 7
-58.369956970214844 -3.332763671875 9
-36.554141998291016 7.629899978637695 1
20.78960609436035 8.137979507446289 7
-8.963858604431152 9.869086265563965 2
-1.4209027290344238 34.863182067871094 4
-4.873086452484131 -20.21929168701172 0
-16.38684844970703 -25.140844345092773 1
2.8303415775299072 -53.0120735168457 3
-19.518497467041016 -16.325450897216797 8
-14.158158302307129 5.483789443969727 4
-22.817270278930664 13.986047744750977 1
-13.551642417907715 1.7741585969924927 4
3.3035190105438232 -51.532569885253906 3
-6.498443603515625 29.275894165039062 4
39.317569732666016 6.99910831451416 8
-12.006389617919922 34.729148864746094 4
14.689231872558594 11.679871559143066 7
-5.754302501678467 14.985944747924805 6
5.3210248947143555 -18.68365478515625 0
-0.49774372577667236 34.51627731323242 4
5.30522346496582 -48.582637786865234 3
-48.91571044921875 -1.4934419393539429 9
38.95313262939453 30.693716049194336 8
33.57643127441406 1.420475959777832 4
-46.385860443115234 -7.7470293045043945 9
33.51374435424805 24.268238067626953 8
9.130070686340332 26.044084548950195 2
21.42721939086914 16.51692008972168 8
9.682910919189453 6.190296173095703 0
-1.051711916923523 -15.344710350036621 0
-3.940563201904297 30.84998893737793 4
33.47965621948242 16.523693084716797 7
-55.5417366027832 5.896393299102783 8
-30.829519271850586 21.346420288085938 1
4.232488632202148 -48.3791389465332 3
20.200183868408203 27.60564613342285 4
-10.643310546875 -22.219038009643555 4
1.8763421773910522 -10.618932723999023 1
44.4766960144043 6.006072044372559 8
18.086576461791992 8.634635925292969 7
18.045841217041016 10.732050895690918 7
-5.711028099060059 -3.9449381828308105 9
16.616222381591797 -17.712827682495117 0
8.861642837524414 -46.60319519042969 3
-10.057971000671387 14.878947257995605 4
-41.097877502441406 -9.06266975402832 9
-24.839672088623047 -18.747806549072266 0
38.3983039855957 -17.740304946899414 6
-9.343798637390137 9.024945259094238 2
-36.62635040283203 -0.9591143131256104 4
16.231122970581055 -0.06360816955566406 4
-26.140541076660156 3.8208789825439453 2
-27.637310028076172 26.19728660583496 4
-7.9138312339782715 -21.951168060302734 0
8.391571998596191 38.06258773803711 2
-53.73716735839844 -2.8279261589050293 9
-2.179506778717041 21.756702423095703 7
-35.88069534301758 15.954742431640625 1
26.94913101196289 35.192378997802734 7
6.7460455894470215 -17.606563568115234 9
2.1213555335998535 -16.746505737304688 0
33.134849548339844 16.61516761779785 7
-18.732744216918945 -24.77376365661621 1
32.47569274902344 22.22867774963379 8
28.096988677978516 -27.54914665222168 5
-16.065526962280273 -27.78280258178711 1
25.767528533935547 5.1317973136901855 9
15.927635192871094 1.1799769401550293 4
-43.122154235839844 -9.981280326843262 9
2.53476881980896 13.810567855834961 0
25.19236183166504 23.00721549987793 7
12.371031761169434 37.237701416015625 4
18.78776741027832 -29.288124084472656 9
0.348753958940506 -52.00285720825195 3
-60.00467300415039 -2.4268436431884766 9
-62.71509552001953 -1.084943413734436 9
-4.394016742706299 42.738983154296875 0
29.804065704345703 13.659382820129395 8
26.118865966796875 3.440417766571045 4
-2.951301097869873 -11.801509857177734 9
3.3840465545654297 -7.804859638214111 1
26.70212745666504 -7.812596321105957 9
7.321745872497559 7.969944953918457 0
-4.401984691619873 -30.040632247924805 9
-20.33279037475586 -9.240707397460938 9
-14.762223243713379 -27.816246032714844 1
9.881902694702148 5.4822492599487305 0
-2.5438361167907715 14.649085998535156 7
-2.9134018421173096 -11.79969596862793 9
-2.162604808807373 -12.900707244873047 9
-33.849124908447266 15.949796676635742 1
-59.29676055908203 0.3363976776599884 9
-7.829918384552002 16.528057098388672 9
-1.4132733345031738 11.597963333129883 0
-52.249671936035156 -5.391116619110107 9
-59.49168014526367 1.0766113996505737 9
19.711774826049805 -28.210641860961914 9
-37.49623489379883 18.61280059814453 1
-26.335472106933594 -0.4329901337623596 2
20.93464469909668 -27.014101028442383 9
-0.3439396619796753 18.87104034423828 7
37.915924072265625 -0.9812145829200745 4
41.45372772216797 13.424527168273926 8
1.973629355430603 -19.528827667236328 0
-3.926093578338623 11.381688117980957 0
7.362103462219238 -7.3621721267700195 5
18.74976921081543 7.267606735229492 7
-50.66613006591797 -4.883565425872803 9
-22.698657989501953 12.019309997558594 1
22.875064849853516 19.340375900268555 8
-1.887865662574768 22.75298500061035 7
7.6126837730407715 10.134533882141113 0
1.88113272190094 -50.407135009765625 3
25.648696899414062 -5.604077339172363 2
1.7079756259918213 22.982206344604492 7
-0.6930747628211975 18.58418846130371 7
47.94198989868164 2.795644760131836 8
-25.064958572387695 -1.9888792037963867 2
-6.125823020935059 14.07409954071045 0
21.262908935546875 -10.067683219909668 0
-14.370523452758789 -30.68370246887207 1
38.36160659790039 -20.000728607177734 6
3.879575729370117 -48.28263473510742 3
-24.61860466003418 -1.2452222108840942 2
-32.29066467285156 20.075960159301758 1
9.463523864746094 8.684947967529297 0
2.97768497467041 40.79756164550781 9
34.11668395996094 19.853515625 1
15.08944034576416 -35.94381332397461 9
-56.421443939208984 -8.226770401000977 9
1.2435252666473389 -50.30571746826172 3
-12.994158744812012 35.29815673828125 4
41.58967971801758 27.361328125 8
5.871739864349365 39.51658248901367 9
23.731544494628906 3.059857130050659 4
-6.509694576263428 1.5090960264205933 1
35.28937530517578 23.927200317382812 8
9.362333297729492 9.576820373535156 0
-9.38326358795166 39.282073974609375 4
16.291675567626953 -31.19793701171875 9
-10.868569374084473 -18.258922576904297 4
29.745182037353516 13.82069206237793 8
-52.4022216796875 3.5277562141418457 8
-32.17816925048828 20.19170570373535 1
-0.7718679308891296 34.71730422973633 4
-21.859664916992188 3.1209776401519775 2
-0.03946142643690109 -49.36780548095703 3
25.33501434326172 -13.168612480163574 0
2.3331422805786133 25.305269241333008 7
-57.58768081665039 2.220137596130371 9
46.72728729248047 3.1411831378936768 8
-0.3849329948425293 -21.905780792236328 0
36.27336502075195 -21.054773330688477 6
-58.63085174560547 2.658506393432617 9
45.06747817993164 15.199064254760742 8
-24.04969596862793 11.685077667236328 1
-4.778014183044434 14.363886833190918 9
15.572898864746094 42.7901611328125 1
-26.099393844604492 2.349801778793335 2
-46.06954574584961 -8.391563415527344 9
8.862391471862793 16.01175308227539 7
0.8871837854385376 9.724624633789062 0
4.358498573303223 -46.26233673095703 3
-2.736327886581421 -20.445634841918945 0
35.155521392822266 24.008146286010742 8
35.043701171875 1.1773746013641357 0
20.45063591003418 7.66506290435791 9
-6.572458267211914 -2.90097975730896 9
-15.270134925842285 -4.519604682922363 0
20.853357315063477 6.576294898986816 6
39.1982421875 4.241567134857178 4
36.72804641723633 -18.075395584106445 6
-23.42359161376953 -37.32978439331055 6
-61.48502731323242 -0.8064371943473816 9
-11.223607063293457 -22.2612361907959 4
8.114781379699707 3.6669719219207764 0
38.521202087402344 21.264310836791992 8
-62.00421142578125 -0.2296523153781891 9
19.632156372070312 -32.1454963684082 9
39.261775970458984 19.431699752807617 8
-34.47252655029297 18.655466079711914 1
13.38820743560791 36.943565368652344 9
33.24435806274414 29.693822860717773 8
28.520660400390625 15.125812530517578 8
-35.65176773071289 18.32826042175293 1
35.6038932800293 7.648073673248291 8
1.3515101671218872 23.51801300048828 7
-44.048927307128906 -27.09039306640625 9
-55.474178314208984 -8.963899612426758 9
22.265655517578125 -1.4709662199020386 6
-5.754405498504639 35.687530517578125 0
-1.4547631740570068 -7.494381904602051 5
21.267789840698242 -13.627697944641113 0
-29.483360290527344 3.7270114421844482 2
-24.728107452392578 -4.229536533355713 2
43.7351188659668 14.595123291015625 8
-13.566579818725586 -10.048666000366211 5
44.169471740722656 4.286451816558838 8
24.35944938659668 -5.785102844238281 2
-0.9651100635528564 -15.431737899780273 0
4.183475494384766 -46.43608093261719 3
42.97653579711914 20.829975128173828 8
11.088683128356934 17.49485969543457 9
29.1488094329834 8.295909881591797 8
3.4195542335510254 19.244569778442383 2
8.362293243408203 -2.613499402999878 2
14.861408233642578 -22.228103637695312 3
34.197261810302734 12.692477226257324 8
-37.887001037597656 18.142045974731445 1
42.63600540161133 18.263877868652344 8
-16.48542594909668 -28.046672821044922 1
-37.47142028808594 6.4200592041015625 1
30.1180362701416 -8.963616371154785 5
30.8746395111084 18.883686065673828 8
8.907843589782715 6.496759414672852 0
-51.79734420776367 -6.983258247375488 9
40.06120681762695 23.658029556274414 8
-9.481392860412598 -5.192922592163086 9
-4.464738845825195 33.25547409057617 4
