x y label
-15.257162094116211 13.460320472717285 9
-14.014117240905762 13.09973430633545 9
-14.451298713684082 13.191245079040527 9
26.55260467529297 -27.447187423706055 9
-7.093552112579346 9.582993507385254 9
-30.755054473876953 -33.29314422607422 7
-28.459400177001953 -2.986473560333252 7
-29.10793113708496 -3.507944107055664 7
-31.523906707763672 -3.5471277236938477 7
-31.686079025268555 -3.4442732334136963 7
-28.411828994750977 -2.9925589561462402 7
-29.365747451782227 -3.4190313816070557 7
0.9263423681259155 -22.9766788482666 9
3.4640426635742188 -23.174461364746094 9
-33.457096099853516 -23.69529914855957 0
13.920878410339355 -1.23781418800354 2
2.7751657962799072 -24.370126724243164 9
4.032998561859131 -28.177242279052734 0
3.4006576538085938 -29.15863609313965 0
4.377417087554932 -28.4194278717041 0
3.9631733894348145 -29.218605041503906 0
-14.063961029052734 9.240738868713379 9
7.3183207511901855 -24.93421745300293 0
7.33286190032959 -25.10973358154297 0
-34.09553527832031 -24.165796279907227 0
-2.489311456680298 -18.5804443359375 4
9.346131324768066 45.268157958984375 1
9.159942626953125 45.36249923706055 1
2.84177565574646 -26.993871688842773 0
-2.6988415718078613 -18.352548599243164 4
-14.427996635437012 -49.883544921875 2
-15.04069995880127 -50.84693145751953 2
12.868745803833008 1.8265032768249512 2
-33.4082145690918 -26.1540470123291 0
25.784482955932617 -12.820887565612793 6
25.949604034423828 -12.617419242858887 6
6.605827331542969 -22.95343589782715 0
6.780588150024414 -23.023649215698242 0
6.241688251495361 -23.285268783569336 0
4.9629435539245605 -25.691232681274414 0
5.001425743103027 -25.64638328552246 0
-1.9596028327941895 -19.653583526611328 4
3.6898183822631836 -21.420936584472656 9
3.1998229026794434 -21.165197372436523 9
0.47807300090789795 -23.00629234313965 9
-13.799212455749512 -47.12382888793945 7
-14.207052230834961 -46.80250549316406 7
-12.36695384979248 -44.973751068115234 7
-13.825467109680176 -46.785980224609375 7
-14.038654327392578 -44.330223083496094 7
-14.673834800720215 -44.52009201049805 7
-12.861366271972656 -44.36319351196289 7
-14.299527168273926 -45.344730377197266 7
-36.055843353271484 -22.4608154296875 0
5.2223005294799805 -21.944028854370117 9
-42.44776916503906 -20.895784378051758 0
-37.93959426879883 -18.26706314086914 0
-37.923240661621094 -20.655235290527344 0
-33.952327728271484 -27.19244384765625 0
-37.1961784362793 -21.431507110595703 0
-37.256290435791016 -23.116870880126953 0
-18.454545974731445 -47.9244384765625 7
-17.224365234375 -47.337615966796875 7
-21.53706932067871 -42.473636627197266 7
-19.788331985473633 -46.12642288208008 7
-18.846818923950195 -47.410804748535156 7
-18.21406364440918 -45.335140228271484 7
-18.3432674407959 -46.17256164550781 7
-20.160470962524414 -46.6263427734375 7
-17.576858520507812 -47.25701141357422 7
-21.214263916015625 -43.843990325927734 7
-20.07907485961914 -45.127254486083984 7
-21.351703643798828 -43.984710693359375 7
-21.374713897705078 -43.01053237915039 7
-16.405288696289062 -50.35593795776367 2
-18.958372116088867 -43.700889587402344 2
-16.271451950073242 -50.64094924926758 2
-19.51211166381836 -43.474510192871094 2
-37.191097259521484 -23.472436904907227 0
-13.64637279510498 -12.276020050048828 4
-13.667428970336914 -12.299042701721191 4
0.4704633951187134 -16.47549057006836 4
11.975759506225586 -13.924375534057617 4
-11.663777351379395 -14.859867095947266 4
-11.444647789001465 -14.814193725585938 4
-10.663991928100586 -14.728498458862305 4
16.839208602905273 -39.73945999145508 4
16.628408432006836 -39.711360931396484 4
-14.57408618927002 -13.98694133758545 4
-14.56612491607666 -13.987508773803711 4
16.19379997253418 6.599741458892822 2
-11.875325202941895 11.01057243347168 9
21.73849868774414 5.80045223236084 9
30.162731170654297 25.622207641601562 5
15.386702537536621 5.389401912689209 2
55.076900482177734 1.024647831916809 9
18.603214263916016 3.825505256652832 2
-7.155124664306641 9.53844165802002 9
62.961524963378906 19.739971160888672 3
61.65791702270508 20.243633270263672 3
57.88595962524414 18.356618881225586 3
11.582433700561523 7.199955940246582 2
4.977774143218994 9.303619384765625 2
-16.473295211791992 -27.957645416259766 7
-5.001464366912842 40.831336975097656 1
1.7636977434158325 55.59971237182617 1
1.6745314598083496 55.661964416503906 1
2.8419997692108154 55.229942321777344 1
-0.4745916426181793 55.77394104003906 1
-0.23518678545951843 55.4346809387207 1
-41.17880630493164 17.863811492919922 1
-41.19102478027344 17.857227325439453 1
-3.22104811668396 65.7486343383789 1
-2.5843276977539062 63.44719314575195 1
-3.8824214935302734 66.56390380859375 1
-4.774952411651611 65.37033081054688 1
-3.2459475994110107 62.10562515258789 1
-4.022035121917725 62.381629943847656 1
-4.850675582885742 65.2590560913086 1
-3.1105315685272217 64.77788543701172 1
-4.054529666900635 64.17524719238281 1
-5.063708305358887 63.81904983520508 1
-3.3799383640289307 64.64128112792969 1
-4.389927387237549 63.3578987121582 1
-4.129243850708008 62.66395568847656 1
-1.5810039043426514 66.0577392578125 1
-1.4163790941238403 65.14714050292969 1
-1.696092963218689 63.244686126708984 1
-0.2542971670627594 65.44053649902344 1
-1.2990500926971436 66.06607055664062 1
-0.4097127318382263 64.2972183227539 1
-0.9151057004928589 60.46175003051758 1
4.118913650512695 57.46847915649414 1
4.103384494781494 57.5673942565918 1
-0.7370513081550598 57.59474182128906 1
-10.673650741577148 43.8140983581543 5
-13.048155784606934 -47.789310455322266 7
-14.480119705200195 -51.07288360595703 2
19.981056213378906 -24.291248321533203 4
27.837018966674805 -36.06886291503906 4
34.71788787841797 -29.993593215942383 4
34.72148132324219 -29.975358963012695 4
24.46016502380371 -15.327385902404785 4
30.810579299926758 -26.87240982055664 4
29.212528228759766 -25.752798080444336 4
30.107154846191406 -26.358844757080078 4
28.835054397583008 -24.22677230834961 4
27.056575775146484 -30.962356567382812 4
25.303569793701172 -30.023149490356445 4
27.05157470703125 -30.853071212768555 4
26.703025817871094 -30.48302459716797 4
5.172132968902588 -13.525291442871094 4
55.03578567504883 -7.254337310791016 9
-3.5639493465423584 -17.47624969482422 4
-3.148055076599121 -17.593814849853516 4
29.975584030151367 -28.009902954101562 4
32.05406951904297 -20.061992645263672 4
41.933692932128906 -33.673221588134766 4
24.546945571899414 -20.9533634185791 4
25.770339965820312 -21.22093391418457 4
25.066471099853516 -20.958017349243164 4
25.742218017578125 -20.9197998046875 4
27.210281372070312 -11.38041877746582 6
31.172285079956055 -19.777828216552734 0
12.072684288024902 -9.339340209960938 1
12.1862211227417 -9.937247276306152 1
7.439432621002197 -11.957098007202148 4
7.58296537399292 -10.878060340881348 4
32.361610412597656 -19.85443115234375 4
33.036407470703125 -22.064598083496094 4
56.019371032714844 -5.88733434677124 9
55.58686828613281 -6.538271903991699 9
10.054527282714844 -29.631439208984375 9
16.07947540283203 -30.455842971801758 0
12.856534004211426 -27.08338165283203 0
8.051708221435547 -33.53268814086914 0
12.8424711227417 -29.16185760498047 0
12.795486450195312 -29.020429611206055 0
13.905257225036621 -29.031021118164062 0
13.69237232208252 -28.270347595214844 0
9.055495262145996 -37.08294677734375 0
8.929373741149902 -36.308536529541016 0
14.677178382873535 -34.15543746948242 0
21.662551879882812 -20.494705200195312 0
9.95155143737793 -27.32843780517578 0
11.104013442993164 -25.8266658782959 0
20.423097610473633 -24.295860290527344 0
6.48502254486084 -37.8519287109375 0
6.340362548828125 -37.0832405090332 0
4.900049209594727 -37.66727066040039 0
5.0703816413879395 -37.174896240234375 0
16.179759979248047 -27.447673797607422 0
16.3465576171875 -27.336130142211914 0
22.526920318603516 -38.723358154296875 0
22.300064086914062 -38.518192291259766 0
21.92507553100586 -35.431488037109375 4
22.8178653717041 -27.018123626708984 0
23.205493927001953 -26.963092803955078 0
13.395079612731934 -31.378957748413086 0
16.347158432006836 -46.01535415649414 9
5.6864752769470215 -50.13990783691406 9
7.386455535888672 -49.54668045043945 9
8.483579635620117 -50.364967346191406 9
17.676620483398438 -34.15791702270508 0
14.999796867370605 -33.380558013916016 0
8.514766693115234 -50.24419403076172 0
0.40335726737976074 -33.672794342041016 0
9.51611042022705 -27.299964904785156 0
1.7504017353057861 -33.208290100097656 0
15.707781791687012 -32.991485595703125 0
12.802507400512695 -32.414512634277344 0
21.305805206298828 -27.344953536987305 0
7.903045654296875 -44.417686462402344 0
7.364335060119629 -42.17613220214844 0
20.094797134399414 -29.91998863220215 0
19.78108787536621 -29.858604431152344 0
10.105382919311523 -45.93100357055664 0
10.125409126281738 -17.07269287109375 0
10.085345268249512 -17.074657440185547 0
7.972216606140137 -39.44538116455078 0
3.115633487701416 -44.62156295776367 0
2.8841145038604736 -45.19788360595703 0
1.861316204071045 -45.57597351074219 0
2.093379020690918 -45.63428497314453 0
12.128652572631836 -26.477575302124023 0
6.407155513763428 -29.645401000976562 0
5.307005882263184 -29.68166160583496 0
3.5985074043273926 -30.07417869567871 0
8.338552474975586 -36.146995544433594 0
5.72023868560791 -35.380836486816406 0
5.788772106170654 -36.15937805175781 0
10.773933410644531 -27.094051361083984 0
12.533254623413086 -25.8321533203125 0
12.359063148498535 -23.927663803100586 0
-0.4985831677913666 -32.891231536865234 0
-27.326663970947266 -16.004690170288086 0
16.46457862854004 -32.167091369628906 0
16.410476684570312 -31.461902618408203 0
6.526606559753418 -40.94913864135742 0
5.772609710693359 -42.03623962402344 0
8.575085639953613 -39.400081634521484 0
2.7255327701568604 -41.52779006958008 0
2.23958158493042 -42.61783981323242 0
2.2422826290130615 -42.52914047241211 0
-0.28663909435272217 -42.38251876831055 0
-0.3629779517650604 -43.28373336791992 0
0.12682020664215088 -42.4427604675293 0
0.010708928108215332 -43.097652435302734 0
9.772393226623535 -39.425479888916016 0
16.750276565551758 -32.399925231933594 0
18.01258659362793 -30.649404525756836 0
10.747811317443848 -32.42613220214844 0
10.879075050354004 -32.42096710205078 0
6.803856372833252 -48.341217041015625 0
7.182794094085693 -48.9382209777832 0
9.444201469421387 -46.71352005004883 0
0.6204831600189209 -35.74843215942383 0
3.8075504302978516 -51.04741668701172 0
3.933624029159546 -50.9115104675293 0
26.515554428100586 -38.270931243896484 4
0.29874321818351746 -34.04706573486328 0
14.099390983581543 -43.58393859863281 0
15.320241928100586 -45.25209426879883 0
17.47930145263672 -34.68480682373047 0
10.054195404052734 -45.76765441894531 0
21.474592208862305 -27.18840217590332 0
7.507781982421875 -50.89970779418945 0
5.235828876495361 -50.59164047241211 9
7.160097122192383 -52.224456787109375 9
6.961969375610352 -52.28031539916992 9
0.5946300625801086 -35.01431655883789 0
1.879355788230896 -33.69719696044922 0
15.339993476867676 -34.13639831542969 0
15.598718643188477 -35.50063705444336 0
13.851517677307129 -43.282325744628906 0
16.090436935424805 -45.839195251464844 0
7.937889575958252 -44.683326721191406 0
6.406795978546143 -41.7980842590332 0
16.794105529785156 -35.81747055053711 0
5.110555171966553 -22.1413516998291 9
17.581260681152344 4.053735733032227 2
17.201690673828125 4.508902072906494 2
17.406177520751953 2.606610059738159 2
17.610702514648438 2.343282699584961 7
20.93596076965332 5.689922332763672 2
22.488819122314453 4.463446617126465 2
22.34435272216797 2.584517002105713 2
22.43746566772461 3.669796943664551 2
22.782230377197266 2.6905999183654785 2
23.020723342895508 2.801663875579834 2
15.376908302307129 7.9759721755981445 2
15.815829277038574 9.506378173828125 2
18.08509635925293 8.45923900604248 2
15.69819164276123 8.683279991149902 2
16.923133850097656 9.396989822387695 2
16.69525718688965 8.991710662841797 2
14.656375885009766 7.369980812072754 2
17.643421173095703 5.850708961486816 2
12.759663581848145 6.593520164489746 2
19.955522537231445 3.309323787689209 2
15.149328231811523 3.0307393074035645 2
16.15228843688965 4.62553071975708 2
15.528912544250488 3.306340217590332 2
17.800941467285156 4.94856071472168 2
18.98198127746582 5.032112121582031 2
17.178075790405273 8.732474327087402 2
18.494226455688477 12.795186042785645 2
8.913049697875977 3.3901584148406982 2
9.09826374053955 2.535766839981079 2
9.885488510131836 1.718010425567627 2
9.611676216125488 15.306295394897461 2
22.711183547973633 20.979719161987305 2
20.936702728271484 3.1541731357574463 2
21.635087966918945 -0.08459509164094925 2
21.636327743530273 -0.10114017128944397 2
22.23877716064453 0.17217396199703217 2
12.444113731384277 6.964540481567383 2
19.682435989379883 28.419124603271484 9
-16.466402053833008 9.817000389099121 9
18.641498565673828 6.014059543609619 2
30.402036666870117 -24.7204647064209 4
29.775068283081055 -0.615845263004303 4
29.56730842590332 0.760376513004303 5
-6.692252159118652 -17.764875411987305 4
-14.774797439575195 5.684600353240967 9
-14.907010078430176 5.6001434326171875 9
-13.581870079040527 7.345687389373779 9
-13.570913314819336 7.403135299682617 9
-14.208837509155273 3.9032115936279297 9
-14.23034381866455 4.040809631347656 9
-11.147299766540527 8.587742805480957 9
-11.282914161682129 8.497788429260254 9
-12.961600303649902 10.28738784790039 9
-12.65347671508789 12.980908393859863 9
29.4254093170166 -25.27010154724121 4
19.406858444213867 -25.448781967163086 4
2.460721731185913 -9.930516242980957 4
3.4068546295166016 -10.091368675231934 4
3.9604105949401855 -10.35179615020752 4
3.892005443572998 -9.762392044067383 4
21.493038177490234 -24.911293029785156 4
28.575031280517578 -39.5712776184082 4
54.88377380371094 -7.4539361000061035 9
11.508377075195312 46.39823532104492 1
8.329289436340332 48.527870178222656 1
41.53803634643555 -33.32477569580078 4
40.58030319213867 -31.607290267944336 4
39.963741302490234 -30.890445709228516 4
40.946022033691406 -31.488540649414062 4
40.1551513671875 -30.32870864868164 4
39.28663635253906 -32.23000717163086 4
39.06045913696289 -31.27135467529297 4
39.570037841796875 -32.19101333618164 4
39.252220153808594 -31.390451431274414 4
40.507808685302734 -32.62944030761719 4
13.39635181427002 16.96772575378418 9
8.858136177062988 3.065664291381836 2
4.172740936279297 -8.822635650634766 9
28.663105010986328 -39.75434494018555 2
9.58044147491455 15.27489948272705 2
22.80988883972168 20.985107421875 5
11.387664794921875 -20.694990158081055 0
12.06843376159668 -21.787031173706055 0
11.98496150970459 -21.449546813964844 0
11.650656700134277 -20.646577835083008 0
-23.645322799682617 5.096469402313232 9
-22.70444679260254 5.278389930725098 9
17.306974411010742 12.43561840057373 2
11.642231941223145 46.329132080078125 1
29.824417114257812 31.902381896972656 1
8.614657402038574 47.7222900390625 1
28.66626739501953 -38.056766510009766 4
28.71797752380371 -38.05634689331055 4
64.03697967529297 -16.325130462646484 9
64.2288818359375 -16.207592010498047 9
19.66001319885254 28.411954879760742 9
52.74644470214844 4.209099769592285 9
55.65629196166992 8.205750465393066 9
32.83365249633789 17.796335220336914 9
65.11027526855469 12.164533615112305 3
56.5130500793457 22.32349967956543 3
55.563961029052734 0.797765851020813 9
61.44143295288086 20.385366439819336 3
55.99608612060547 18.41131019592285 3
57.50358200073242 17.515108108520508 3
11.52200984954834 50.49285888671875 1
3.9811315536499023 55.333927154541016 1
4.561324119567871 52.74283981323242 1
7.64164924621582 -30.725391387939453 9
6.504467010498047 -32.20844268798828 9
6.711792945861816 -30.9265079498291 9
6.514955997467041 -30.982757568359375 9
-14.571399688720703 -10.61016845703125 1
11.513657569885254 6.395447254180908 1
5.362599849700928 46.075016021728516 1
-2.520475387573242 -41.715084075927734 9
-1.9287856817245483 -40.7629508972168 9
-2.851849317550659 -41.475494384765625 9
-1.9823448657989502 -40.58515930175781 9
9.295340538024902 48.625205993652344 1
11.647619247436523 48.75840759277344 1
11.178153991699219 48.73801803588867 1
11.924393653869629 49.05821228027344 1
68.24665832519531 20.033939361572266 5
30.941848754882812 18.336294174194336 5
52.974998474121094 4.027154445648193 9
29.93600845336914 9.09789752960205 5
29.828420639038086 8.911067962646484 5
28.862754821777344 8.493536949157715 5
28.582040786743164 6.9376397132873535 5
28.520870208740234 6.8530073165893555 5
30.100627899169922 7.132274627685547 5
-24.833871841430664 4.891904830932617 9
-10.98388385772705 10.680917739868164 9
30.35043716430664 27.52891731262207 5
30.097835540771484 25.630613327026367 5
60.74491882324219 2.0312867164611816 9
12.391334533691406 -22.94468879699707 0
-26.932315826416016 8.009634971618652 9
-26.24651527404785 8.785228729248047 9
-28.54929542541504 7.417604923248291 9
-28.621126174926758 7.360030174255371 9
-13.285548210144043 11.15658187866211 9
10.320575714111328 6.986979961395264 9
-26.59067726135254 7.736568927764893 9
-22.9345703125 7.167834281921387 9
-24.561492919921875 7.421527862548828 9
-24.48002815246582 7.608546257019043 9
-25.076852798461914 6.8520636558532715 9
-24.881505966186523 6.547922134399414 9
-25.4914608001709 9.040072441101074 9
-23.31683349609375 7.661395072937012 9
13.523065567016602 8.754462242126465 2
12.586552619934082 8.56581974029541 2
56.56206130981445 17.76237678527832 3
5.3777384757995605 44.89161682128906 2
28.880428314208984 -22.843395233154297 4
31.74542999267578 11.24169921875 5
30.951900482177734 21.742582321166992 5
30.951541900634766 21.75347137451172 5
10.584371566772461 8.095071792602539 2
-22.759077072143555 3.198216199874878 9
-9.583858489990234 7.520788669586182 9
-9.022918701171875 8.583466529846191 9
0.3650832772254944 59.019996643066406 1
-0.5580377578735352 58.19987106323242 1
-0.7877821922302246 59.755340576171875 1
15.552264213562012 52.572837829589844 1
-2.1370925903320312 57.57963943481445 1
-1.3418970108032227 57.364253997802734 1
8.848549842834473 56.07376480102539 1
11.314926147460938 57.095149993896484 1
14.099905014038086 56.146636962890625 1
8.019440650939941 55.806678771972656 1
13.289609909057617 54.45905685424805 1
10.593673706054688 54.191864013671875 1
15.20288372039795 52.84893035888672 1
14.65096378326416 53.34953308105469 1
12.3827543258667 54.28579330444336 1
12.56036376953125 53.49671936035156 1
12.040181159973145 53.98508834838867 1
12.05811882019043 55.57450485229492 1
12.309861183166504 55.818294525146484 1
13.795089721679688 57.168235778808594 1
12.827729225158691 57.189212799072266 1
10.339301109313965 51.45512771606445 1
9.76456069946289 50.07752990722656 1
9.982089042663574 49.56318664550781 1
9.514860153198242 49.84042739868164 1
5.922247409820557 47.45336151123047 1
5.8724517822265625 47.280094146728516 1
10.609552383422852 50.20137405395508 1
9.184490203857422 51.7211799621582 1
8.801332473754883 52.0291633605957 1
55.49307632446289 6.029443264007568 9
56.349910736083984 4.527268409729004 9
56.61186599731445 3.060673952102661 9
55.767242431640625 2.981632947921753 9
55.29988098144531 3.663857936859131 9
39.88979721069336 11.005274772644043 6
32.90069580078125 19.036500930786133 5
39.26425552368164 8.58259105682373 6
40.16130065917969 6.684935092926025 6
39.52145004272461 8.134330749511719 6
39.64798355102539 4.677155494689941 6
39.19313049316406 -4.527547836303711 6
40.20175552368164 3.2458059787750244 6
39.72126770019531 4.116400718688965 6
36.82025146484375 4.667396545410156 6
40.398040771484375 4.6198201179504395 6
41.895755767822266 5.041888236999512 6
42.0718994140625 5.930844783782959 6
40.861942291259766 7.854838848114014 6
42.21781539916992 8.635313034057617 6
36.77949142456055 4.641381740570068 6
38.729393005371094 3.675034761428833 6
39.36984634399414 -5.679039478302002 6
39.83712387084961 3.418755531311035 6
42.86566162109375 7.321430683135986 6
43.206207275390625 9.096755981445312 6
41.215110778808594 6.275479793548584 6
41.072479248046875 6.7454071044921875 6
38.44098663330078 7.659278869628906 6
42.66633987426758 7.556334972381592 6
45.38198471069336 8.200555801391602 6
40.91115951538086 9.260408401489258 6
-2.239605188369751 40.24321746826172 1
-1.6750800609588623 44.34796142578125 1
43.13486862182617 -9.21462345123291 1
-0.9430569410324097 37.56778335571289 1
27.401168823242188 -26.836183547973633 4
2.9111578464508057 -20.241960525512695 1
18.391658782958984 -0.3374131917953491 2
11.878240585327148 -8.713996887207031 1
-1.9846901893615723 43.06687545776367 1
-1.9390130043029785 43.591217041015625 1
43.08147430419922 -9.173360824584961 5
1.2832087278366089 -39.511619567871094 0
-48.97471237182617 -35.59112548828125 0
-46.841644287109375 -34.971588134765625 0
-47.13248825073242 -33.51982498168945 0
-44.0301513671875 -32.850791931152344 0
-43.72167205810547 -31.666574478149414 0
-46.484378814697266 -37.00742721557617 0
-48.992374420166016 -35.59190368652344 0
-47.9184684753418 -34.30202102661133 0
-47.59535598754883 -33.59463882446289 0
-45.03056335449219 -34.05863571166992 0
-42.78656005859375 -33.92442321777344 0
-46.29079818725586 -37.03089904785156 0
-10.394758224487305 12.447419166564941 9
-27.780065536499023 -20.863353729248047 0
-27.311800003051758 -21.508201599121094 0
-1.8595337867736816 -5.224335193634033 6
0.01825481653213501 -40.88958740234375 0
33.098907470703125 -22.269166946411133 4
-7.697144985198975 -18.493112564086914 4
35.927066802978516 -34.80721664428711 4
-39.85500717163086 -19.363855361938477 0
-30.5738525390625 -6.898541450500488 7
31.340473175048828 17.183082580566406 5
-61.68836975097656 10.822686195373535 8
-33.4423713684082 -7.594884395599365 7
-32.92856216430664 -7.488766670227051 7
-32.03227996826172 -8.148160934448242 7
-31.76447105407715 -8.847024917602539 7
27.608762741088867 15.276335716247559 9
-62.81877517700195 15.714056015014648 8
-41.23637771606445 4.4262590408325195 9
-40.88616943359375 4.732114791870117 9
-41.08563232421875 3.7656939029693604 9
30.932621002197266 18.10869598388672 5
-38.44112014770508 -16.020837783813477 0
-39.1054801940918 4.743723392486572 9
-30.501113891601562 -6.8187642097473145 7
-38.88634490966797 3.555737257003784 9
-62.451175689697266 14.919049263000488 8
-62.06326675415039 11.83887004852295 8
-62.415985107421875 14.743103981018066 8
-39.523414611816406 2.978168487548828 9
-39.743873596191406 2.944530963897705 9
-39.2069206237793 5.317716598510742 9
-39.62497329711914 4.845902919769287 9
-39.29734802246094 5.817312717437744 9
-14.454771995544434 -10.726175308227539 9
-37.799293518066406 2.577937602996826 9
-37.81082534790039 3.165937662124634 9
-25.891347885131836 4.880004405975342 9
-38.02833557128906 4.6719207763671875 9
-38.17502212524414 5.477136135101318 9
-30.033443450927734 -9.299580574035645 7
-28.59396743774414 -9.584762573242188 7
-30.024473190307617 -9.284438133239746 7
-23.166791915893555 -43.330623626708984 7
-23.023147583007812 -42.76654052734375 7
-6.7192277908325195 -17.766843795776367 4
16.44624900817871 0.9594813585281372 2
13.945446014404297 -1.19819176197052 2
12.7731351852417 2.6070332527160645 2
13.1465425491333 2.25825834274292 2
-23.64678382873535 -12.80051326751709 7
-26.83391761779785 -5.537179470062256 7
-22.557863235473633 -6.630144119262695 7
-26.337703704833984 -6.599036693572998 7
-20.902814865112305 -8.08195686340332 7
-9.95246410369873 11.415791511535645 9
-9.408289909362793 11.167317390441895 9
-36.47484588623047 1.3846977949142456 9
-21.054338455200195 -7.657350063323975 7
-24.419261932373047 -12.434867858886719 6
-25.154857635498047 -9.920985221862793 7
-25.209571838378906 -9.910561561584473 7
-26.385833740234375 -6.429241180419922 7
11.197816848754883 0.12817293405532837 2
-11.920516967773438 11.035271644592285 9
-18.057754516601562 43.83100891113281 9
-17.982479095458984 43.16118621826172 9
-17.666318893432617 43.74241256713867 9
-16.869836807250977 43.95589065551758 9
-36.773006439208984 39.3025016784668 9
-36.5550537109375 39.708255767822266 9
-35.617183685302734 39.630252838134766 9
-10.103917121887207 16.421289443969727 9
-10.355439186096191 14.190829277038574 9
-9.384379386901855 14.366582870483398 9
-9.907054901123047 14.287280082702637 9
-10.214016914367676 16.295900344848633 9
-11.337095260620117 16.070354461669922 9
-30.119787216186523 45.862308502197266 9
-22.414005279541016 -37.19411087036133 9
5.450225353240967 55.86235046386719 1
-7.6885504722595215 39.69693374633789 1
-23.574186325073242 48.65483474731445 9
-24.007598876953125 48.497066497802734 9
-27.081161499023438 45.38279342651367 9
-26.605239868164062 45.060367584228516 9
-26.57903480529785 45.70637512207031 9
-26.331979751586914 45.33674240112305 9
-23.216203689575195 49.41069412231445 9
-26.51399803161621 46.71843338012695 9
-30.4801082611084 37.35408020019531 9
-30.598655700683594 37.631874084472656 9
-28.056047439575195 36.14714050292969 9
-31.141353607177734 38.718971252441406 9
-30.80194091796875 39.323822021484375 9
-31.2834529876709 38.58415985107422 9
-30.943225860595703 33.66021728515625 9
-31.435991287231445 34.173004150390625 9
-28.289392471313477 37.48383712768555 9
-28.175424575805664 37.13807678222656 9
4.14737606048584 49.73890686035156 1
5.968909740447998 50.243492126464844 1
5.442595481872559 50.08262252807617 1
3.578108549118042 49.38974380493164 1
6.310187816619873 50.32268524169922 1
-7.503834247589111 39.47612762451172 1
-28.310667037963867 32.542388916015625 9
-28.619600296020508 33.29254913330078 9
-29.215848922729492 30.818790435791016 9
-29.104686737060547 31.225467681884766 9
9.953657150268555 40.413639068603516 9
10.29115104675293 40.20944595336914 9
-33.079341888427734 36.35398483276367 9
-35.70970153808594 39.702110290527344 9
-32.33681869506836 29.77617645263672 9
-34.76430130004883 35.27664566040039 9
-34.73264694213867 36.05562973022461 9
-34.48908615112305 36.22134780883789 9
-32.73463439941406 35.867008209228516 9
55.9608268737793 -3.2326834201812744 9
-7.862274646759033 30.989526748657227 1
-15.4739408493042 25.11018943786621 9
-25.9804744720459 26.90763282775879 9
-24.455554962158203 26.48208236694336 9
1.8135218620300293 48.07435607910156 9
-29.723783493041992 43.081424713134766 9
-29.710927963256836 43.06834411621094 9
-29.065872192382812 24.982261657714844 9
-57.41276550292969 10.38562297821045 9
-35.457847595214844 30.964935302734375 9
-35.4794921875 28.537260055541992 9
-35.4502067565918 32.376407623291016 9
-34.73180389404297 29.92698860168457 9
-37.30315017700195 27.534168243408203 9
-37.26683044433594 27.715595245361328 9
-34.06159973144531 26.416271209716797 9
-33.78529739379883 26.086782455444336 9
-35.63895797729492 33.43803405761719 9
-35.9436149597168 33.315670013427734 9
-32.07120895385742 31.018016815185547 9
-31.992563247680664 30.877717971801758 9
-34.460487365722656 33.48046112060547 9
-33.49028778076172 28.331254959106445 9
-39.4293212890625 27.467960357666016 9
-34.19340133666992 32.15690231323242 9
-29.977705001831055 28.69863510131836 9
-32.84654998779297 28.26111602783203 9
-33.5203857421875 31.734851837158203 9
-32.6146354675293 32.290523529052734 9
-30.772621154785156 26.56277847290039 9
-30.950855255126953 26.207515716552734 9
-37.6849365234375 25.60251808166504 9
-37.377952575683594 25.561443328857422 9
-36.7511100769043 30.352357864379883 9
-34.66322708129883 25.69063377380371 9
-38.346534729003906 30.38239860534668 9
-34.131465911865234 25.483957290649414 9
-37.0771484375 30.81454849243164 9
-37.910865783691406 29.680871963500977 9
-35.5932731628418 29.969213485717773 9
-35.42815017700195 29.808013916015625 9
-36.358394622802734 30.920623779296875 9
-38.64145278930664 29.362384796142578 9
-27.716394424438477 27.29046058654785 9
-27.316423416137695 28.183425903320312 9
-39.1623420715332 34.31081771850586 9
-29.296470642089844 25.290428161621094 9
-30.534650802612305 28.442840576171875 9
-31.151514053344727 27.38542366027832 9
-27.5805606842041 27.522153854370117 9
-52.65729522705078 11.015853881835938 8
24.252016067504883 -4.510884761810303 4
57.895565032958984 24.100908279418945 3
57.958412170410156 24.17022705078125 3
61.19533920288086 23.51325035095215 3
60.50665283203125 24.749961853027344 3
61.51709747314453 17.862337112426758 3
61.24745559692383 23.588584899902344 3
61.829044342041016 26.647064208984375 3
60.26800537109375 24.805498123168945 3
62.004920959472656 25.933053970336914 3
53.14629364013672 20.870962142944336 9
64.16761779785156 26.382238388061523 3
52.920413970947266 0.2216276228427887 9
63.099571228027344 25.942569732666016 3
56.50026321411133 20.571382522583008 3
57.98020553588867 20.96262550354004 3
59.34638595581055 20.627174377441406 3
58.8270263671875 18.796234130859375 3
62.09219741821289 15.9048490524292 3
62.532135009765625 15.29340934753418 3
62.525047302246094 15.04811954498291 3
62.1948127746582 17.305830001831055 3
61.667938232421875 15.568943977355957 3
61.923683166503906 22.443035125732422 3
63.127113342285156 27.417369842529297 3
60.99433898925781 15.914313316345215 3
63.08046340942383 27.48870849609375 3
56.77434158325195 20.476402282714844 3
58.42043685913086 20.98139762878418 3
55.11114501953125 5.960758209228516 9
-23.61251449584961 -7.61502742767334 7
-50.837764739990234 -11.057404518127441 8
-52.527767181396484 8.711183547973633 8
-52.16889190673828 7.595876693725586 8
-50.63337326049805 13.269258499145508 8
-52.09553909301758 7.417206764221191 8
-52.509830474853516 10.840246200561523 8
-50.5365104675293 13.122637748718262 8
-50.900177001953125 -11.666114807128906 8
-53.779170989990234 12.149913787841797 8
-50.851253509521484 13.265297889709473 8
-54.17497253417969 12.497061729431152 8
-78.2856216430664 -1.9317151308059692 8
-77.08148956298828 -4.690471649169922 8
-77.34398651123047 -1.8472906351089478 8
-77.08331298828125 -3.432149648666382 8
-31.314329147338867 -23.511611938476562 0
-32.80540084838867 -24.208810806274414 0
-80.6964111328125 -4.139619827270508 8
-80.66548919677734 -4.158899784088135 8
-78.0218734741211 -5.262361526489258 8
-69.93115997314453 -6.2243523597717285 8
-73.68824768066406 -4.356879234313965 8
-75.05069732666016 -4.943628787994385 8
-31.66649627685547 24.022157669067383 8
-72.73355865478516 -7.846551895141602 8
-73.15541076660156 -5.399594306945801 8
-74.95075225830078 -5.531982421875 8
-74.33113861083984 -7.710808753967285 8
-75.54267120361328 -7.231334209442139 8
-66.70372772216797 -4.1601433753967285 8
-73.12837219238281 -4.474064350128174 8
-76.10334014892578 -5.078244686126709 8
-50.61347198486328 0.6768874526023865 8
-69.52288818359375 -3.4893460273742676 8
-70.52081298828125 -7.91512393951416 8
-68.31354522705078 3.5121395587921143 8
-68.15116882324219 3.449226140975952 8
-72.06742095947266 -6.267685890197754 8
-57.97795104980469 7.7232279777526855 8
-49.3747673034668 -15.60434627532959 8
-76.19857788085938 -5.09262752532959 8
-71.2276840209961 -7.335282802581787 8
-72.01278686523438 -7.274304389953613 8
-69.67830657958984 -6.991099834442139 8
-74.93502807617188 -2.876223564147949 8
-75.46417236328125 -3.515890121459961 8
-67.33965301513672 -3.7405333518981934 8
-75.95692443847656 -6.959019184112549 8
-76.78195190429688 -6.806848049163818 8
-62.29273986816406 -3.185786247253418 8
-62.311981201171875 -1.1745669841766357 8
-60.50831985473633 -3.3578474521636963 8
-61.59876251220703 -1.774674654006958 8
-33.29233932495117 -22.339506149291992 0
-64.8692626953125 -2.8754427433013916 8
-62.6348762512207 -1.4508237838745117 8
-47.754974365234375 -10.20927906036377 8
-48.161346435546875 -10.928216934204102 8
-50.51872253417969 -14.973411560058594 8
-67.6932373046875 0.5635376572608948 8
-67.4850845336914 0.1608150452375412 8
-67.93289947509766 0.037663497030735016 8
-58.720245361328125 5.614267826080322 8
-58.831302642822266 5.212036609649658 8
-60.21086883544922 -6.147084712982178 8
-59.486045837402344 -1.5000394582748413 8
-54.886016845703125 -11.254122734069824 8
-50.736907958984375 0.13981930911540985 8
-60.173309326171875 -3.590571880340576 8
-59.186553955078125 -5.8343706130981445 8
-58.32229995727539 -6.390970706939697 8
-57.9808349609375 -7.622302532196045 8
-57.28065490722656 -7.729310035705566 8
-57.64253234863281 -6.948707580566406 8
-58.88602066040039 -5.562121868133545 8
-57.161582946777344 -5.167965888977051 8
-56.64305114746094 -5.401405334472656 8
-56.73288345336914 -6.273756980895996 8
-56.41993713378906 -7.090420246124268 8
-56.16542434692383 -6.284368991851807 8
-57.74800491333008 -5.327231407165527 8
-59.01475143432617 -1.0225183963775635 8
-53.881561279296875 -12.124403953552246 8
-30.866254806518555 -21.853113174438477 0
-35.29390335083008 -23.661544799804688 0
-50.324554443359375 -13.294290542602539 8
-50.58467102050781 -13.29599380493164 8
-44.87217712402344 -29.734081268310547 0
-65.83637237548828 -3.1930124759674072 8
-53.01300048828125 -13.034420013427734 8
-31.207883834838867 -21.468704223632812 0
-39.161537170410156 -37.74055480957031 0
-51.52434539794922 -15.772459983825684 8
-51.960411071777344 -14.248486518859863 8
-66.29212188720703 4.523993968963623 8
-45.57469177246094 -32.23796081542969 0
-45.337799072265625 -35.70359802246094 0
-46.0108757019043 -38.17703628540039 0
-42.72964096069336 -35.51371383666992 0
-42.25495910644531 -36.231449127197266 0
-42.348960876464844 -35.0836181640625 0
-45.12116622924805 -37.00828552246094 0
-45.111900329589844 -35.671939849853516 0
-43.23971939086914 -37.44263458251953 0
-43.55544662475586 -35.68274688720703 0
-42.76498031616211 -36.419132232666016 0
-43.21236038208008 -35.18429946899414 0
-44.0637092590332 -37.50973892211914 0
-52.74456787109375 -17.438072204589844 8
-52.60779571533203 -17.294519424438477 8
-61.30654525756836 2.5027222633361816 8
-38.80887985229492 24.569551467895508 8
-71.83595275878906 3.3652589321136475 8
-71.42646789550781 3.9394609928131104 8
-65.08000946044922 4.385963439941406 8
-51.98883056640625 -2.037024736404419 8
-52.455631256103516 -0.7737380266189575 8
-65.82211303710938 2.474188804626465 8
-66.87543487548828 2.6836607456207275 8
-65.75726318359375 3.1474642753601074 8
-66.08000946044922 2.449725389480591 8
-66.4589614868164 3.6240108013153076 8
-51.452030181884766 -1.416388750076294 8
-52.19706726074219 -0.6779842972755432 8
-47.980003356933594 -13.706587791442871 8
-51.6389045715332 10.958282470703125 8
-52.44171142578125 -2.657313823699951 8
-50.309810638427734 -16.933273315429688 8
-50.2479133605957 -16.779367446899414 8
-34.041385650634766 -27.823091506958008 0
-34.10846710205078 -28.05637550354004 0
-64.49065399169922 1.3840998411178589 8
-42.3451042175293 -22.075517654418945 0
-33.69470977783203 -24.73346519470215 0
-28.468528747558594 -22.9447021484375 0
-27.224058151245117 -21.95084571838379 0
-58.98894119262695 -0.3909142315387726 8
-58.99326705932617 0.3433511257171631 8
-49.353946685791016 -12.74339485168457 8
-52.22447967529297 0.21355246007442474 8
-52.51267623901367 0.49964669346809387 8
-50.20953369140625 -14.230291366577148 8
-63.6950569152832 5.441939830780029 8
-63.49353790283203 5.571911811828613 8
-45.84053421020508 -29.62470245361328 0
-47.43947982788086 -15.41931438446045 8
-46.43231964111328 -15.648223876953125 8
-58.47214889526367 8.75979995727539 8
-76.28916931152344 -1.735406756401062 8
-75.90738677978516 -1.5281074047088623 8
-76.89801788330078 -3.48600697517395 8
-32.352569580078125 -16.952972412109375 0
-35.30387878417969 -19.12442970275879 0
-42.25041961669922 -22.285911560058594 0
-36.29376983642578 -21.99049949645996 0
-66.13249969482422 -3.245357036590576 8
-43.41581726074219 -22.354368209838867 0
-27.987321853637695 -14.64013385772705 7
-27.887773513793945 -14.728008270263672 7
-26.821786880493164 -12.287001609802246 7
-27.08284568786621 -10.982720375061035 7
-28.693622589111328 -12.059232711791992 7
-27.632118225097656 -11.125286102294922 7
-30.743576049804688 -20.491172790527344 0
-46.70011520385742 -38.554664611816406 0
-78.74259948730469 -6.679015159606934 8
-78.0050277709961 -6.679196834564209 8
-72.12615966796875 3.0412256717681885 8
-54.77280044555664 -14.971656799316406 8
-55.03774642944336 -14.913032531738281 8
-49.622161865234375 -0.5848525762557983 8
-51.977806091308594 3.502711296081543 8
-52.01041793823242 3.504655599594116 8
-19.628273010253906 -9.190557479858398 7
-38.43165969848633 -17.67955207824707 0
-38.28150177001953 -19.810623168945312 0
-44.9786376953125 -29.731809616088867 0
-31.82231330871582 -21.032447814941406 0
-39.80535125732422 -37.55644607543945 0
-39.403350830078125 -19.35506248474121 0
-36.504146575927734 -20.379302978515625 0
-42.49051284790039 -32.529972076416016 0
-32.44186782836914 -17.068279266357422 0
-35.341609954833984 -19.302949905395508 0
-38.26720428466797 -22.155532836914062 0
-37.4091682434082 -21.857851028442383 0
-47.84090042114258 -37.34388732910156 0
-31.943077087402344 -20.442623138427734 0
-41.54513931274414 -38.063873291015625 0
-39.952518463134766 -26.95633888244629 9
-39.27033996582031 -22.304868698120117 0
-39.65943145751953 -37.64015197753906 0
-26.26083755493164 -42.25898361206055 7
-26.256040573120117 -40.51203155517578 7
-26.270957946777344 -42.216094970703125 7
-39.966312408447266 -23.297822952270508 0
-44.34609603881836 -38.778133392333984 0
-60.20453643798828 2.232842445373535 8
-50.970550537109375 -14.862025260925293 8
-61.04353713989258 2.3832778930664062 8
-52.41496276855469 9.102734565734863 8
51.916805267333984 -0.9149501919746399 9
51.90349578857422 -0.7750113606452942 9
20.731138229370117 -22.839759826660156 4
15.927506446838379 -20.535306930541992 4
-28.13876724243164 -10.141995429992676 7
5.0780205726623535 -11.73783016204834 4
5.119760513305664 -12.299208641052246 4
5.681839466094971 -14.904990196228027 4
5.8012237548828125 -14.259383201599121 4
6.730732440948486 -14.901155471801758 4
6.431651592254639 -14.252656936645508 4
2.674360513687134 -13.807238578796387 4
3.4986472129821777 -14.59980583190918 4
21.370939254760742 -20.61725425720215 4
6.954644203186035 -19.43638038635254 9
6.695451736450195 -11.583303451538086 4
6.307899475097656 -12.183186531066895 4
3.357287883758545 -12.9200439453125 4
3.951443672180176 -13.068004608154297 4
65.69901275634766 20.201356887817383 3
64.03632354736328 21.630874633789062 3
67.62506866455078 24.83135414123535 3
65.19837951660156 21.450164794921875 3
64.40861511230469 19.295194625854492 3
68.25298309326172 23.210790634155273 3
64.70158386230469 18.795854568481445 3
64.35771179199219 19.191720962524414 3
64.1969223022461 22.137073516845703 3
67.62300109863281 24.896221160888672 3
66.06659698486328 23.79100799560547 3
65.47381591796875 24.625274658203125 3
67.52665710449219 21.707304000854492 3
66.5011978149414 23.840852737426758 3
65.5931625366211 22.39341926574707 3
68.16373443603516 23.227298736572266 3
66.49885559082031 22.69728660583496 3
65.06336975097656 23.46552848815918 3
67.17171478271484 21.47807502746582 3
66.13343048095703 21.88031005859375 3
30.39708137512207 -28.520328521728516 4
43.87678527832031 8.019153594970703 6
65.35721588134766 17.847028732299805 3
60.78829574584961 3.1392662525177 3
20.730846405029297 -30.621118545532227 9
27.374588012695312 24.83559799194336 9
8.088600158691406 -4.204208850860596 9
6.184162616729736 -4.1635589599609375 9
-2.1913232803344727 40.26108932495117 1
-19.109119415283203 -5.662674903869629 1
23.988561630249023 -20.603179931640625 4
28.808290481567383 -8.557655334472656 6
28.930885314941406 -9.966514587402344 6
28.744518280029297 -9.856478691101074 6
29.09433364868164 -9.990287780761719 6
29.24114227294922 7.432933807373047 5
20.37474822998047 -12.488146781921387 2
56.27351760864258 -3.833890676498413 9
0.41891053318977356 -16.51803207397461 4
55.505821228027344 -1.1085996627807617 9
-3.0960934162139893 39.56544876098633 1
-15.783878326416016 13.879953384399414 9
22.768720626831055 -20.88878631591797 4
22.907379150390625 -19.131549835205078 4
-22.66843605041504 48.21379470825195 9
-23.37190055847168 47.91410446166992 9
-0.3595914840698242 -5.6805219650268555 6
27.9232234954834 -36.52587890625 4
18.47934913635254 -23.672456741333008 0
56.83031463623047 -1.5540024042129517 9
58.89370346069336 -4.629304885864258 9
57.56664276123047 -3.5655016899108887 9
57.47761917114258 -3.6095399856567383 9
60.349029541015625 -4.786532878875732 9
60.45862579345703 -2.9292690753936768 9
60.775390625 -3.0416057109832764 9
58.97875213623047 -2.35848331451416 9
59.35226821899414 -3.6456315517425537 9
59.38532257080078 -6.286900043487549 9
59.63313674926758 -5.607418060302734 9
59.033973693847656 -2.182079315185547 9
59.60197448730469 -3.3340301513671875 9
57.24568557739258 -0.5312115550041199 9
57.09262466430664 0.0023669067304581404 9
-23.894227981567383 -40.799171447753906 7
59.81455612182617 -0.6844375729560852 9
60.55602264404297 -2.5397818088531494 9
-20.596437454223633 -8.566412925720215 7
-24.298145294189453 -45.06752395629883 7
-21.326190948486328 -47.67892074584961 7
-24.830392837524414 -47.41904830932617 7
-24.379030227661133 -45.113380432128906 7
-24.89417839050293 -47.19895553588867 7
-21.19741439819336 -46.50453567504883 7
-26.732038497924805 -44.6119384765625 7
-22.801651000976562 -41.73255157470703 7
-27.17246437072754 -44.68783950805664 7
-27.8751163482666 -39.187686920166016 7
-27.185611724853516 -38.799442291259766 7
-26.53929901123047 -38.223697662353516 7
-26.34769630432129 -38.016258239746094 7
