x y
2 0.797741273100616
3 0.7122736272216478
4 0.6540338213753677
5 0.6059939523994972
6 0.5749450711725239
7 0.5533813723964854
8 0.5329714577760954
9 0.5120106196022056
10 0.49983522446147577
11 0.4892053678709246
12 0.47857657324542013
13 0.47138161748390517
14 0.4650476049314144
15 0.45961648464125887
16 0.45488017873904335
17 0.4509421990732237
18 0.4462247646736531
19 0.442653666605014
20 0.43832883692406355
21 0.4349168803133637
22 0.43143946212242346
23 0.42835380184023475
24 0.42543367167894147
25 0.4224779104371097
26 0.4207394669132233
27 0.41916478692936
28 0.41718609095832104
29 0.4149187029074618
30 0.41226768436072153
31 0.40982261870004166
32 0.4079593959493707
33 0.4064004968339099
34 0.40455436713024867
35 0.4024001837824495
36 0.40083963888351504
37 0.3995296648539814
38 0.39859507545902334
39 0.3976961928080206
40 0.3962128117297862
41 0.39531748095298813
42 0.39409235231998485
43 0.39359020381232607
44 0.3924422047361256
45 0.39182084231579395
46 0.39140305609785236
47 0.3903788817298082
48 0.3892982561144291
49 0.38867770510052435
50 0.38804305007199935
51 0.3872775871064979
52 0.3868831011800293
53 0.38595385292266954
54 0.385053801163966
55 0.38527605657916275
56 0.38507941600812373
57 0.38446179046978846
58 0.38412276665747563
59 0.3839445619348144
60 0.383677485721697
61 0.3834853457277411
62 0.3829057560988383
63 0.3822829373292687
64 0.38194602964205
65 0.3815991867339993
66 0.3813207982611267
67 0.3811324890728967
68 0.38092395425075726
69 0.380911978330844
70 0.3804273203559034
71 0.3800148646241401
72 0.38026887226868444
73 0.3800405240501097
74 0.3796838011645512
75 0.37972402401203137
76 0.3796305299368802
77 0.3796408361389456
78 0.3796684730855519
79 0.37976588975796244
80 0.3798509800187308
81 0.379876429379491
82 0.37953018938015926
83 0.37957575438216434
84 0.379619490563833
85 0.37943406368747545
86 0.37958038433921126
87 0.3795449567589783
88 0.3793703286054072
89 0.37912037116862957
90 0.3792410863598975
91 0.37946187113742685
92 0.37949342876268954
93 0.3793269719200209
94 0.37923242837875126
95 0.3791340955409518
96 0.3792155469219528
97 0.3793492700423352
98 0.37953237515075294
99 0.3797881047422649
100 0.3798707105560536
101 0.37992616822863184
102 0.3799892432898047
103 0.3799122321779752
104 0.3802268865759573
105 0.3802016793164092
106 0.3802046723754615
107 0.3804367288050787
108 0.38061999164514043
109 0.3807921465057373
110 0.38094877401244803
111 0.38112721510301834
112 0.3812822383080807
113 0.3814387915008495
114 0.3815866170342908
115 0.381705537133759
116 0.38212616898731844
117 0.3822463705803555
118 0.38262556403416337
119 0.3828174242863918
120 0.38297798735167426
121 0.3832214587275616
122 0.3834693858878709
123 0.3835684462312868
124 0.38365962247726676
125 0.383881373278184
126 0.3841928724311314
127 0.3841364904910433
128 0.3843099116117017
129 0.3845721295020513
130 0.3846955257008723
131 0.3849404912418296
132 0.3851559375268712
133 0.38516488623881673
134 0.3853310219813766
135 0.3857254552207671
136 0.3860010555498699
137 0.38635118782331823
138 0.3864213533984922
139 0.386789122800932
140 0.3870373461717775
141 0.3872751486754838
142 0.3873002328533688
143 0.38758158540545695
144 0.38779062237890927
145 0.3880464429557318
146 0.3883003380423898
147 0.38872254064618655
148 0.388905952151668
149 0.3889572326439611
150 0.38923572119877364
151 0.3894636716937223
152 0.3897048374387132
153 0.389982971721272
154 0.39035350557562676
155 0.3906405977318763
156 0.3908955048612053
157 0.3912191569206092
158 0.3914411896070646
159 0.39183112546379817
160 0.3920326045086186
161 0.39237907189593346
162 0.3925648042935961
163 0.3929774820487958
164 0.39322867461069044
165 0.39346763488487196
166 0.393737726679484
167 0.3938458337681592
168 0.39419334538514766
169 0.3945711744017761
170 0.39488711673949406
171 0.3952301780844337
172 0.3956024130806835
173 0.39586561041376644
174 0.39619203896419064
175 0.39644800672307584
176 0.3967211141739319
177 0.3969401163133269
178 0.39739875081199594
179 0.39766657245495274
180 0.397913251286921
181 0.39832057262015425
182 0.39865927125375233
183 0.3989835562204069
184 0.39912114307169244
185 0.3994910463101251
186 0.3997825147845131
187 0.40004099189221715
188 0.4003463336621502
189 0.40063820958506063
190 0.4009408425962282
191 0.40134470322695326
192 0.40159005639445255
193 0.4019814298455181
194 0.40238210575074396
195 0.40268401651583113
196 0.4030933891743877
197 0.4033202271253913
198 0.40357941050945856
199 0.4037955146398938
200 0.40408717334671895
201 0.4044414215987931
202 0.40489181358873766
203 0.4053492250825546
204 0.4055796631366622
205 0.4059310951747258
206 0.40632407515218194
207 0.40673158232350143
208 0.40699919622871455
209 0.4072655861678466
210 0.4075871807279271
211 0.40800357175804003
212 0.40835957684535196
213 0.40863192945928195
214 0.4089557372371678
215 0.4092234396218564
216 0.40946899084936395
217 0.4098704153538603
218 0.4102444293631423
219 0.4105933756735959
220 0.41094686284771315
221 0.4111552052912677
222 0.4114747197922336
223 0.4117827168896722
224 0.4121018399324123
225 0.4124698393107791
226 0.41275909214872475
227 0.41307408123265277
228 0.4134035216838903
229 0.4136591759204812
230 0.41407464046447506
231 0.4143761611739712
232 0.4147273878349142
233 0.41505769707219275
234 0.4154171422908704
235 0.4158020293512248
236 0.4161068648729861
237 0.41650567740554256
238 0.4168159573517279
239 0.41709921210299256
240 0.41747692018270005
241 0.417812763730652
242 0.4181442490125209
243 0.4185129208333267
244 0.4188493946930188
245 0.41918965798636165
246 0.4196236352589415
247 0.4200374543435924
248 0.42039649450063116
249 0.4206908265575053
250 0.42098501310096026
251 0.42136721804752775
252 0.42171518642509664
253 0.42205493625429613
254 0.4224148432305929
255 0.4228426397017323
256 0.42323838234403727
257 0.42358712773501533
258 0.4240899487841138
259 0.42446946545459585
260 0.4247326272869501
261 0.42499854559306566
262 0.42529881339181724
263 0.42565175282421525
264 0.4260193079835295
265 0.4263461351408378
266 0.4266550672779046
267 0.4270688342443378
268 0.42735935618297477
269 0.4277658778949233
270 0.42808518241515225
271 0.4284127315351387
272 0.4287455240960591
273 0.42903750464575097
274 0.4293779862694472
275 0.4297381740403508
276 0.4300666362855434
277 0.43036529560379205
278 0.4306824401416425
279 0.43104802422426164
280 0.4314089484016321
281 0.43172811490190066
282 0.43198808317345794
283 0.4323930723474067
284 0.43280595469044353
285 0.4331398222846196
286 0.4334909014978795
287 0.4338175634151164
288 0.43429761422172786
289 0.4346391767700795
290 0.4350063831302277
291 0.43536814132024765
292 0.4356855232496807
293 0.4360170078467941
294 0.43629338449114047
295 0.43663095251594036
296 0.437008537539958
297 0.43733366305269206
298 0.43772887350896583
299 0.4380695674505718
300 0.43844368035205306
301 0.4387863008121793
302 0.4390714038429002
303 0.4394589512732071
304 0.43979711997302456
305 0.4401632312692592
306 0.4405336326146716
307 0.44082270545737295
308 0.441164618251167
309 0.4415464228586599
310 0.4419278421920788
311 0.44225046882200925
312 0.4426418137535028
313 0.4431055603335094
314 0.443460092555803
315 0.44382652160698927
316 0.444175740341505
317 0.4445560946111223
318 0.44491553999382294
319 0.4452946635669398
320 0.4456534240338382
321 0.446016099068923
322 0.446422023558123
323 0.4468489220489048
324 0.4471931285308098
325 0.44754863139002193
326 0.44790390141913244
327 0.44831855581186936
328 0.4486851739877415
329 0.4489702303429226
330 0.44934153211129646
331 0.4496530864770084
332 0.4499712471635712
333 0.450286922275952
334 0.450647887843628
335 0.4510416941558798
336 0.4514378858413626
337 0.4518081831168382
338 0.4522053777410577
339 0.45259917258368926
340 0.45300739054016664
341 0.453303738723735
342 0.4536885092689248
343 0.4540453698140266
344 0.45436819906308074
345 0.45463447822018827
346 0.4550738564296317
347 0.45543603794909066
348 0.4557842341322331
349 0.4561879900006446
350 0.45645352914355725
351 0.45677337206616087
352 0.4570693530454433
353 0.45747095138279953
354 0.4578531184368486
355 0.45824279779974086
356 0.45856771440649163
357 0.45886462108825377
358 0.4592512454933915
359 0.4595918615925631
360 0.45995186717920267
361 0.46030665578868324
362 0.4605882182965758
363 0.4609431235490256
364 0.4612678640281623
365 0.46163689081062503
366 0.46198439107951794
367 0.4623164326513097
368 0.4625977055684505
369 0.4629630918618604
370 0.4633557711040365
371 0.46373086634006994
372 0.46406386921104803
373 0.46444986677242955
374 0.46478381153655224
375 0.4652010615147607
376 0.46557558121466575
377 0.4660107923732908
378 0.46638889332588346
379 0.46673062564537887
380 0.4670753746124069
381 0.4674267326902571
382 0.46782826536713246
383 0.4682620383515301
384 0.4685907999183294
385 0.4689882849930267
386 0.4693907740996992
387 0.4697121440247606
388 0.47008811434306613
389 0.4704626500146678
390 0.47085821152662166
391 0.47123311390707695
392 0.4716090466419282
393 0.4719889197695445
394 0.4724103838560828
395 0.47280385043964895
396 0.4731668750819031
397 0.47352291340948716
398 0.47394037730267086
399 0.474283199618831
400 0.47469282058955137
401 0.47508545552944875
402 0.4754568412864832
403 0.47582854509379624
404 0.4762396692695718
405 0.47664253981632915
406 0.4770555030495076
407 0.4775099943063751
408 0.47788247720527727
409 0.47828650949944546
410 0.4786472332371361
411 0.4790160843251281
412 0.4793664014832107
413 0.4797777165257187
414 0.4801187971350002
415 0.48049135740100296
416 0.4808349031189087
417 0.4812307500143709
418 0.4816290269198017
419 0.4820495062520496
420 0.4824417622268357
421 0.4828459047577667
422 0.48320195939113175
423 0.48363505168524445
424 0.4840435628732074
425 0.4844766906341041
426 0.484827645744116
427 0.485212318912382
428 0.48558827201159105
429 0.48600183580539147
430 0.48638277189494944
431 0.4867929853565795
432 0.4872254082819818
433 0.48760708792901514
434 0.48804132691148416
435 0.48842198001263143
436 0.48884208026617754
437 0.489252917082158
438 0.48967703153943004
439 0.49010722529392714
440 0.49051204524815906
441 0.49095497514702763
442 0.491355390777259
443 0.49181782165028864
444 0.49228086149659045
445 0.4927269572271707
446 0.49313104674774993
447 0.49357145794747875
448 0.4939879065244037
449 0.4944412211534088
450 0.49487582929695145
451 0.49531019819949557
452 0.49572221716533743
453 0.49617996279817167
454 0.49664500997426353
455 0.49708148768073473
456 0.49755477517493085
457 0.49798272292990486
458 0.49840812266785034
459 0.498867999591499
460 0.49933185147025605
461 0.4998076631404868
462 0.5002797218725742
463 0.5007425342410117
464 0.5012235474611623
465 0.5017015413642273
466 0.5021493839078506
467 0.5026243787778115
468 0.5030812075275216
469 0.5035884113516101
470 0.504079204389753
471 0.5045602035846528
472 0.5050457011632301
473 0.5055226866918455
474 0.5060619872046667
475 0.5065733855502945
476 0.5070714956456024
477 0.507583065115616
478 0.50809270065563
479 0.5086493530815402
480 0.5092026959517543
481 0.5097613368570698
482 0.5103058662097579
483 0.5109086551653128
484 0.5114802923074547
485 0.5120857637312348
486 0.5127609575374836
487 0.5134535207200162
