x y
20.999109268188477 -31.392980575561523 9
20.47344970703125 -30.328580856323242 9
20.61595344543457 -30.70853614807129 9
5.645951747894287 0.4410058557987213 9
16.377742767333984 -24.34870147705078 9
-8.004874229431152 -34.64311218261719 7
-11.935816764831543 -32.616641998291016 7
-11.591242790222168 -31.841503143310547 7
-13.338166236877441 -30.663331985473633 7
-13.492534637451172 -30.586395263671875 7
-11.920924186706543 -32.65871810913086 7
-11.854381561279297 -31.73848533630371 7
-3.647796392440796 -13.352624893188477 9
-1.150399923324585 -11.920783996582031 9
-21.56797218322754 -27.809051513671875 0
14.964668273925781 12.75036334991455 2
-2.1368887424468994 -12.181422233581543 9
-2.9536375999450684 -6.8552727699279785 0
-2.3437037467956543 -6.131239891052246 0
-3.0973711013793945 -6.557188034057617 0
-2.3590891361236572 -5.7900190353393555 0
18.47121810913086 -30.804412841796875 9
-0.9063673615455627 -7.649000644683838 0
-1.0017260313034058 -7.408602237701416 0
-21.45924186706543 -28.29689598083496 0
-0.6568915247917175 -15.739237785339355 4
12.688854217529297 44.13886642456055 1
12.721989631652832 43.91852569580078 1
-3.3526217937469482 -8.480867385864258 0
-0.4264598786830902 -15.921526908874512 4
-9.105385780334473 -15.331293106079102 2
-7.932154178619385 -15.004047393798828 2
18.993412017822266 14.743805885314941 2
-19.067625045776367 -28.372411727905273 0
3.0233242511749268 -9.898361206054688 6
3.00110125541687 -9.954453468322754 6
-0.20935668051242828 -9.117963790893555 0
-0.22442437708377838 -8.95638656616211 0
-0.6852032542228699 -9.084305763244629 0
1.5958101749420166 -7.681078910827637 0
1.6035255193710327 -7.6804680824279785 0
-1.4592130184173584 -14.899073600769043 4
-2.035271406173706 -9.921632766723633 9
-2.6434764862060547 -10.187592506408691 9
-3.9844653606414795 -13.641145706176758 9
-11.731597900390625 -16.462265014648438 7
-11.886626243591309 -16.882131576538086 7
-13.191391944885254 -17.995134353637695 7
-12.065267562866211 -16.640853881835938 7
-14.419300079345703 -16.940942764282227 7
-14.69040298461914 -16.191246032714844 7
-14.025374412536621 -17.755022048950195 7
-13.581021308898926 -16.419588088989258 7
-23.390336990356445 -29.73179817199707 0
-0.08171544969081879 -10.700000762939453 9
-24.352642059326172 -34.46198272705078 0
-20.25901222229004 -32.49681854248047 0
-22.781818389892578 -31.86920166015625 0
-18.656291961669922 -29.631343841552734 0
-23.055950164794922 -31.066661834716797 0
-24.248977661132812 -30.352252960205078 0
-8.539602279663086 -18.25081443786621 7
-9.803949356079102 -18.130891799926758 7
-9.655590057373047 -23.476856231689453 7
-8.533533096313477 -20.251441955566406 7
-8.626776695251465 -18.960796356201172 7
-10.045003890991211 -20.360576629638672 7
-9.531617164611816 -19.56769371032715 7
-7.985591411590576 -19.976579666137695 7
-9.52922248840332 -18.343852996826172 7
-9.402223587036133 -22.33815574645996 7
-8.938977241516113 -20.994102478027344 7
-9.083619117736816 -22.248388290405273 7
-8.953109741210938 -23.092769622802734 7
-7.452774524688721 -16.322832107543945 2
-6.957781791687012 -18.701826095581055 2
-7.312820911407471 -16.009597778320312 2
-7.858987808227539 -21.932388305664062 2
-24.627912521362305 -30.193397521972656 0
-22.881160736083984 35.325286865234375 4
-22.899810791015625 35.34795379638672 4
-0.39766019582748413 11.68913745880127 4
7.904897212982178 14.310870170593262 4
-12.276973724365234 -45.26234817504883 4
-12.070507049560547 -45.240577697753906 4
-11.370661735534668 -45.183807373046875 4
-2.368966579437256 10.700679779052734 4
-2.1190216541290283 10.775655746459961 4
-24.726606369018555 35.3620719909668 4
-24.725852966308594 35.35540771484375 4
20.539474487304688 20.401870727539062 2
18.268049240112305 -27.660520553588867 9
16.0161190032959 21.5115966796875 9
40.48362731933594 -1.2261340618133545 5
20.176807403564453 18.392974853515625 2
39.342166900634766 19.691762924194336 9
17.731504440307617 20.56405258178711 2
16.348976135253906 -24.394094467163086 9
52.75933074951172 17.94184684753418 3
52.88497543334961 16.931930541992188 3
49.52025604248047 16.0915470123291 3
23.438081741333008 17.59865379333496 2
5.434398174285889 -19.333311080932617 2
2.977299928665161 -27.958946228027344 7
40.800537109375 -17.274084091186523 1
1.089516282081604 41.82615661621094 1
1.0060278177261353 41.82722473144531 1
2.025451898574829 42.356266021728516 1
-0.623294472694397 40.647132873535156 1
-0.24815256893634796 40.45085525512695 1
-29.13766098022461 -8.255758285522461 1
-29.16602325439453 -8.255135536193848 1
-6.862529754638672 45.834693908691406 1
-7.975927352905273 44.158931732177734 1
-7.938415050506592 46.19510269165039 1
-8.047710418701172 44.97503662109375 1
-5.222798824310303 43.77214813232422 1
-5.887731552124023 43.131263732910156 1
-7.9909186363220215 44.918758392333984 1
-6.156500816345215 45.08674621582031 1
-6.740827560424805 44.3590087890625 1
-7.3383049964904785 43.30946350097656 1
-6.398351192474365 44.930641174316406 1
-6.7514729499816895 43.49776840209961 1
-6.038163185119629 43.25303268432617 1
-5.99753475189209 46.929283142089844 1
-5.493253707885742 46.33773422241211 1
-4.697332382202148 45.05741882324219 1
-4.71138334274292 47.15273666381836 1
-5.831535816192627 47.11903762817383 1
-4.084249973297119 46.241065979003906 1
-2.8351504802703857 44.14322280883789 1
1.4098912477493286 44.73681640625 1
1.3813865184783936 44.77540588378906 1
-1.6108713150024414 41.9412727355957 1
43.195003509521484 -12.93203067779541 5
-11.511585235595703 -15.61239242553711 7
-8.183882713317871 -14.469985961914062 2
8.619479179382324 5.318097114562988 4
0.5873202085494995 7.407328128814697 4
14.037148475646973 -7.3210883140563965 4
14.070785522460938 -7.266482830047607 4
5.041319370269775 -8.500909805297852 4
5.541256427764893 -5.2324299812316895 4
6.6481170654296875 -6.610351085662842 4
6.2495341300964355 -5.946292400360107 4
7.155478000640869 -7.430227756500244 4
5.291954517364502 2.9533743858337402 4
3.9297025203704834 3.395420551300049 4
5.320746421813965 2.973771333694458 4
4.843095779418945 2.662726640701294 4
1.2727333307266235 14.748042106628418 4
-4.148563861846924 18.946481704711914 9
0.41584232449531555 -16.610628128051758 4
0.17913591861724854 -16.397449493408203 4
4.923547744750977 -6.187788486480713 4
15.9086275100708 0.9769869446754456 4
18.619400024414062 -11.245878219604492 4
11.413352012634277 0.7753259539604187 4
12.51058578491211 0.5482299327850342 4
11.859000205993652 0.7081778049468994 4
12.504280090332031 0.7629607915878296 4
24.081241607666016 -13.900073051452637 6
15.20502758026123 1.421148419380188 0
12.078861236572266 -3.7726194858551025 1
11.595527648925781 -3.496882438659668 1
2.831416368484497 12.763741493225098 4
3.7981491088867188 12.879568099975586 4
16.276147842407227 1.04722261428833 4
15.697684288024902 -1.0113805532455444 4
-4.774554252624512 20.356971740722656 9
-4.478082656860352 19.670347213745117 9
0.39487820863723755 2.6087839603424072 9
-1.1685259342193604 2.192537784576416 0
-1.119156837463379 0.010052794590592384 0
-3.987333059310913 -0.9968028664588928 0
0.390207976102829 -0.17854228615760803 0
0.07020479440689087 -0.15911038219928741 0
0.7543797492980957 0.6545489430427551 0
-0.22615303099155426 0.6771894693374634 0
-4.801333904266357 1.3479993343353271 0
-4.269641399383545 1.0284416675567627 0
-3.461167097091675 3.2635955810546875 0
9.820104598999023 2.8388795852661133 0
-1.075549602508545 -2.233621597290039 0
-1.625969648361206 0.9342069625854492 0
8.874015808105469 5.265927791595459 0
-6.058813095092773 -0.0676221176981926 0
-6.14970064163208 -0.5986181497573853 0
-7.478604316711426 -0.8246926069259644 0
-7.183163642883301 -1.1260520219802856 0
2.436185359954834 0.2553756833076477 0
2.726184129714966 0.2936060428619385 0
-5.004002094268799 10.233261108398438 0
-4.831600666046143 9.996530532836914 0
-3.1026766300201416 7.950496196746826 4
12.546571731567383 5.428046226501465 0
12.823003768920898 5.158051013946533 0
-6.561026096343994 3.4126787185668945 0
-10.031601905822754 6.881210803985596 9
-13.116719245910645 -4.5152268409729 9
-12.938365936279297 -2.9947869777679443 9
-13.843918800354004 -2.179748058319092 9
-1.798983097076416 5.396871089935303 0
-2.758180856704712 2.97694993019104 0
-13.703027725219727 -2.0736207962036133 0
-8.268657684326172 -4.850711345672607 0
-1.2904200553894043 -2.5847482681274414 0
-7.080735683441162 -4.199814796447754 0
-2.223726749420166 3.6601407527923584 0
-5.471295356750488 3.4407055377960205 0
10.869329452514648 6.117242336273193 0
-11.504424095153809 0.36705249547958374 0
-9.767550468444824 0.8431020379066467 0
1.695847988128662 4.9456400871276855 0
1.389742374420166 4.764501571655273 0
-10.318230628967285 -1.170647382736206 0
-14.888129234313965 12.612428665161133 0
-14.986729621887207 12.67859172821045 0
-7.057271480560303 1.3521676063537598 0
-17.43776512145996 1.06229829788208 0
-17.21725082397461 0.4701681435108185 0
-16.257862091064453 0.11494631320238113 0
-16.515758514404297 0.05282287299633026 0
-2.0021679401397705 -0.1330220103263855 0
-3.1770498752593994 -3.9723939895629883 0
-3.705416202545166 -4.94759464263916 0
-2.458246946334839 -5.233002662658691 0
-4.33670711517334 0.5716702938079834 0
-5.962543964385986 -2.1220059394836426 0
-6.234182357788086 -1.5108147859573364 0
-1.0838557481765747 -1.4202040433883667 0
-2.233644485473633 -0.38329795002937317 0
1.062273621559143 -1.9060570001602173 0
-8.456923484802246 -5.986957550048828 0
-19.858158111572266 -20.56251335144043 0
-1.3173577785491943 3.751807928085327 0
-1.0445719957351685 3.380791664123535 0
-8.723773956298828 1.3059276342391968 0
-9.862882614135742 2.1526291370391846 0
-6.800396919250488 1.6187719106674194 0
-12.980093955993652 3.599611759185791 0
-16.579545974731445 2.884491443634033 0
-16.4936466217041 2.862281084060669 0
-14.216813087463379 2.3465235233306885 0
-14.564706802368164 1.6720092296600342 0
-14.656580924987793 2.4721086025238037 0
-14.715813636779785 1.8558064699172974 0
5.113446235656738 5.569113254547119 0
-1.1761480569839478 4.105467319488525 0
0.253562331199646 4.296808242797852 0
-6.3526740074157715 5.553243160247803 0
-6.233092784881592 5.44534158706665 0
-11.602339744567871 -3.245164394378662 0
-12.408626556396484 -2.8723599910736084 0
-11.257041931152344 -1.393290400505066 0
-9.712691307067871 -3.805697441101074 0
-11.720813751220703 -5.648036956787109 0
-11.655678749084473 -5.500113487243652 0
-1.1179918050765991 7.801918029785156 4
-8.56325626373291 -4.763360500335693 0
-8.599006652832031 4.402294158935547 0
-9.62785530090332 5.807458400726318 0
-2.4177324771881104 5.427567958831787 0
-10.152767181396484 -1.23504638671875 0
11.020916938781738 6.089695930480957 0
-14.055391311645508 -3.1447365283966064 0
-12.932544708251953 -5.024942398071289 9
-14.979037284851074 -3.8820302486419678 9
-14.958595275878906 -4.010953426361084 9
-9.117499351501465 -4.181624889373779 0
-7.508746147155762 -3.964003086090088 0
-3.1980721950531006 3.7098615169525146 0
-3.925077438354492 4.605775833129883 0
-8.230622291564941 3.93814754486084 0
-9.9450044631958 6.627572059631348 0
-11.739398956298828 0.20987993478775024 0
-9.610713958740234 1.5473616123199463 0
-3.6124203205108643 5.481553554534912 0
-0.3474777042865753 -10.744532585144043 9
17.821142196655273 19.586637496948242 2
18.295120239257812 19.5606689453125 2
16.770736694335938 19.14621925354004 2
16.429100036621094 19.333724975585938 7
16.3347225189209 20.919580459594727 2
16.651594161987305 22.806133270263672 2
17.516767501831055 24.223485946655273 2
17.187911987304688 23.259464263916016 2
17.01572036743164 24.167587280273438 2
16.890878677368164 24.266942977905273 2
21.591115951538086 20.17972755432129 2
22.58172607421875 21.10354232788086 2
20.892568588256836 22.317615509033203 2
22.112199783325195 20.834537506103516 2
22.373777389526367 22.131010055541992 2
22.2062931060791 21.87439727783203 2
21.721662521362305 19.370431900024414 2
19.402084350585938 20.41946792602539 2
22.116844177246094 18.06102180480957 2
19.0236873626709 21.851646423339844 2
18.322227478027344 17.212121963500977 2
19.520183563232422 17.694644927978516 2
18.371257781982422 17.849821090698242 2
18.656862258911133 19.018632888793945 2
18.597763061523438 20.568971633911133 2
21.72732925415039 22.07906150817871 2
21.032960891723633 13.398130416870117 2
17.150623321533203 10.75364875793457 2
17.492650985717773 11.17320728302002 2
18.522069931030273 11.959799766540527 2
20.081867218017578 10.976837158203125 2
20.19329261779785 -21.949989318847656 2
18.311582565307617 22.89008331298828 2
14.094391822814941 23.122596740722656 2
14.086712837219238 23.122310638427734 2
14.396631240844727 23.643081665039062 2
22.384286880493164 17.227325439453125 2
-10.478035926818848 30.005395889282227 9
13.471619606018066 -26.544071197509766 9
19.52983856201172 19.394594192504883 2
7.982701778411865 -6.09304141998291 4
19.558551788330078 -3.198152542114258 4
20.83332633972168 -2.788637638092041 5
12.41743278503418 -10.552008628845215 4
16.58095359802246 -33.32423782348633 9
16.484832763671875 -33.405540466308594 9
16.808340072631836 -31.401277542114258 9
16.84333038330078 -31.364885330200195 9
16.575132369995117 -35.06780242919922 9
16.59842872619629 -34.94859313964844 9
16.571531295776367 -28.941436767578125 9
16.517534255981445 -29.107196807861328 9
18.33134651184082 -28.96348762512207 9
20.098344802856445 -29.154842376708984 9
7.046056270599365 -6.639830112457275 4
7.4942731857299805 5.856470108032227 4
3.9021151065826416 17.305166244506836 4
3.868809223175049 16.411401748657227 4
3.7780277729034424 15.864337921142578 4
4.305548191070557 15.97920036315918 4
9.742350578308105 6.075809478759766 4
2.323721170425415 9.352726936340332 4
-4.06878137588501 18.731355667114258 9
10.89199447631836 44.60369873046875 1
10.423715591430664 41.89171600341797 1
18.67753028869629 -10.706405639648438 4
18.43950653076172 -8.875890731811523 4
17.86060905456543 -8.220142364501953 4
18.78812026977539 -8.766592025756836 4
18.09426498413086 -7.7548699378967285 4
17.279523849487305 -9.37724494934082 4
17.04668426513672 -8.531535148620605 4
17.436996459960938 -9.390508651733398 4
17.177947998046875 -8.624911308288574 4
18.439224243164062 -9.661510467529297 4
24.129737854003906 13.181120872497559 9
17.218473434448242 10.804423332214355 2
5.241039752960205 15.932007789611816 9
2.504016637802124 9.47439193725586 2
20.104318618774414 10.958053588867188 2
20.242061614990234 -21.671693801879883 5
4.14076042175293 -2.533418893814087 0
3.1694371700286865 -2.2072432041168213 0
3.522642135620117 -2.1458873748779297 0
4.276571750640869 -2.4047529697418213 0
-19.51650047302246 23.802223205566406 9
-18.537376403808594 23.85575294494629 9
21.20155906677246 14.677519798278809 2
10.931648254394531 44.586669921875 1
42.13517379760742 3.818107843399048 1
10.898826599121094 42.47977066040039 1
1.113889217376709 9.09249496459961 4
1.0422579050064087 9.212420463562012 4
57.739078521728516 2.727959394454956 9
57.7393684387207 2.796079635620117 9
-10.532342910766602 29.968385696411133 9
40.660057067871094 25.023910522460938 9
50.41829299926758 13.579448699951172 9
40.31683349609375 -5.882470607757568 9
56.23405456542969 10.249139785766602 3
48.749752044677734 19.602739334106445 3
38.89458465576172 20.365205764770508 9
52.93250274658203 16.67315673828125 3
47.997074127197266 16.767850875854492 3
48.93965530395508 15.462272644042969 3
7.356494426727295 43.119911193847656 1
2.966341257095337 43.20869064331055 1
5.342445373535156 42.716773986816406 1
-4.37205696105957 -3.511842966079712 9
-4.1547136306762695 -2.3038768768310547 9
-3.4596025943756104 -3.0554280281066895 9
-3.280951738357544 -3.0182809829711914 9
-21.559465408325195 36.4108772277832 1
23.07831382751465 17.857572555541992 1
10.97385311126709 39.108543395996094 1
-15.717448234558105 5.20768404006958 9
-14.782469749450684 5.12898588180542 9
-15.728564262390137 5.54024076461792 9
-14.650285720825195 5.257984161376953 9
9.665885925292969 41.97713088989258 1
8.015605926513672 41.67044448852539 1
8.387194633483887 41.78636169433594 1
7.65761661529541 41.91410827636719 1
53.277130126953125 22.735586166381836 5
38.69331741333008 -5.555022239685059 5
40.49360275268555 24.861797332763672 9
8.854914665222168 24.01264190673828 5
8.749250411987305 24.10593605041504 5
8.692370414733887 25.027666091918945 5
7.030683517456055 25.684059143066406 5
6.997169494628906 25.726886749267578 5
7.217266082763672 24.16004180908203 5
-20.556974411010742 23.76385498046875 9
17.642005920410156 -27.053205490112305 9
41.339134216308594 0.3567354679107666 5
40.53662872314453 -1.263925313949585 5
36.64468002319336 25.884700775146484 9
2.1256392002105713 -2.126873016357422 0
-22.452882766723633 26.627426147460938 9
-21.845378875732422 27.377721786499023 9
-23.72408103942871 25.51216697692871 9
-23.762481689453125 25.42008399963379 9
19.102466583251953 -28.3892822265625 9
24.075857162475586 16.89800262451172 9
-22.110414505004883 26.358976364135742 9
-18.895587921142578 25.473535537719727 9
-20.238428115844727 26.122821807861328 9
-20.14168930053711 26.282299041748047 9
-20.738977432250977 25.618419647216797 9
-20.524782180786133 25.329252243041992 9
-21.16880989074707 27.680904388427734 9
-19.133092880249023 26.061038970947266 9
23.721235275268555 19.8094539642334 2
24.296701431274414 19.04496955871582 2
48.12936782836914 15.866188049316406 3
11.722657203674316 38.0317497253418 2
18.213109970092773 1.6582361459732056 4
26.508804321289062 3.8740835189819336 5
37.64543914794922 -3.1721620559692383 5
37.776405334472656 -3.2118172645568848 5
24.759557723999023 17.772668838500977 2
-19.207847595214844 21.70606803894043 9
14.892790794372559 -27.535202026367188 9
15.652071952819824 -26.612407684326172 9
-1.1869182586669922 43.62791442871094 1
-1.9000356197357178 42.583580017089844 1
-2.7108871936798096 43.58595657348633 1
12.016095161437988 47.81312561035156 1
-2.627232551574707 41.12993240356445 1
-1.957584023475647 41.43977355957031 1
5.252223491668701 46.69263458251953 1
7.988590717315674 50.25941848754883 1
6.606426239013672 47.85713195800781 1
4.8874430656433105 45.877994537353516 1
9.459624290466309 48.355690002441406 1
7.863297939300537 46.3469123840332 1
11.58887004852295 47.80500411987305 1
10.899881362915039 48.16959762573242 1
8.986289024353027 47.600982666015625 1
9.394079208374023 46.83155059814453 1
8.958178520202637 47.208984375 1
8.08362102508545 48.2114372253418 1
8.000231742858887 48.53247833251953 1
6.312955379486084 49.06605911254883 1
7.043412208557129 49.45724105834961 1
9.11900806427002 44.5853157043457 1
9.180597305297852 43.444793701171875 1
9.166839599609375 42.84453582763672 1
9.310469627380371 43.140193939208984 1
10.180667877197266 40.11996841430664 1
10.346834182739258 40.090091705322266 1
8.344432830810547 43.1596794128418 1
8.035567283630371 44.41091537475586 1
7.448102951049805 44.4412727355957 1
41.5494384765625 21.783248901367188 9
40.626914978027344 22.859304428100586 9
39.037147521972656 22.69295310974121 9
39.44739532470703 21.981828689575195 9
40.27104187011719 21.914447784423828 9
30.51429557800293 -2.218479633331299 6
40.25093460083008 -4.669755458831787 5
30.240488052368164 -4.165949821472168 6
30.05068588256836 -5.975152969360352 6
30.29205894470215 -4.710022449493408 6
30.22972297668457 -8.108832359313965 6
31.757402420043945 9.49398136138916 6
30.0942325592041 -9.072660446166992 6
29.510141372680664 -8.135740280151367 6
27.3693790435791 -7.324455261230469 6
29.785009384155273 -7.555322170257568 6
31.67780303955078 -7.754705905914307 6
31.637754440307617 -7.015617370605469 6
31.283998489379883 -5.300861835479736 6
33.45695877075195 -6.537293910980225 6
27.31996726989746 -7.339241981506348 6
28.769775390625 -8.671045303344727 6
32.67329788208008 9.94097900390625 6
29.792308807373047 -8.922112464904785 6
32.511260986328125 -5.77400016784668 6
32.83073043823242 -4.310705184936523 6
30.87134552001953 -6.5947346687316895 6
31.009075164794922 -6.133037567138672 6
29.233903884887695 -4.4770612716674805 6
32.68220520019531 -5.99412727355957 6
34.34297561645508 -4.911252498626709 6
31.5522403717041 -3.9166271686553955 6
39.4643669128418 -14.770238876342773 1
37.31615447998047 -16.70168685913086 1
36.57091522216797 7.667425155639648 1
37.36296463012695 -13.128946304321289 1
4.948903560638428 0.7477688789367676 4
-3.4214677810668945 -10.32353401184082 1
20.55388069152832 24.755205154418945 2
12.595633506774902 -4.136727333068848 1
36.7391471862793 -15.55482292175293 1
37.08401107788086 -16.154094696044922 1
36.4633674621582 7.668160915374756 5
-11.671392440795898 2.3173396587371826 0
-20.228580474853516 -42.9651985168457 0
-19.099905014038086 -41.511863708496094 0
-19.87656593322754 -40.73207473754883 0
-19.494619369506836 -38.8619270324707 0
-20.218936920166016 -38.05518341064453 0
-17.700563430786133 -42.52781677246094 0
-20.23737144470215 -42.98257827758789 0
-20.612689971923828 -41.5703125 0
-20.450307846069336 -40.91453552246094 0
-18.683942794799805 -40.236289978027344 0
-18.262418746948242 -38.72243881225586 0
-17.502573013305664 -42.386260986328125 0
19.736143112182617 -26.990217208862305 9
-21.570661544799805 -24.484249114990234 0
-20.812328338623047 -24.02904510498047 0
2.7711172103881836 -23.02637481689453 6
-14.143446922302246 3.6954591274261475 0
15.679052352905273 -1.3006483316421509 4
12.7991304397583 -9.460893630981445 4
15.981880187988281 -4.627811431884766 4
-22.430599212646484 -33.8294792175293 0
-25.89849281311035 -13.671493530273438 7
38.965728759765625 -6.675662040710449 5
-46.67658615112305 -2.9949376583099365 8
-28.032848358154297 -16.221704483032227 7
-27.69171905517578 -15.920870780944824 7
-26.652767181396484 -15.968749046325684 7
-26.054704666137695 -15.501623153686523 7
23.19739532470703 1.2635600566864014 9
-46.60916519165039 1.3256102800369263 8
-44.456573486328125 -28.458484649658203 9
-44.589195251464844 -28.871078491210938 9
-43.78295135498047 -28.47735595703125 9
38.680870056152344 -5.742007255554199 5
-18.302186965942383 -33.92120361328125 0
-44.17430114746094 -30.44859504699707 9
-25.904184341430664 -13.532879829406738 7
-43.08722686767578 -30.380340576171875 9
-45.76107406616211 1.0426877737045288 8
-46.55804443359375 -1.9874818325042725 8
-45.75261688232422 0.8950726985931396 8
-42.74810028076172 -29.630741119384766 9
-42.78132629394531 -29.4488582611084 9
-44.69146728515625 -30.514284133911133 9
-44.390987396240234 -30.0135440826416 9
-45.13431167602539 -30.56442642211914 9
-21.656082153320312 36.2519416809082 9
-42.00926208496094 -30.78594398498535 9
-42.411319732666016 -31.12990951538086 9
-21.558372497558594 23.695199966430664 9
-43.78133010864258 -31.399721145629883 9
-44.533843994140625 -31.485179901123047 9
-24.931739807128906 -16.61310577392578 7
-23.618568420410156 -16.46976089477539 7
-24.941280364990234 -16.611778259277344 7
-8.017001152038574 -24.06969451904297 7
-8.487931251525879 -24.27602767944336 7
12.413836479187012 -10.561827659606934 4
15.656204223632812 18.018798828125 2
14.998480796813965 12.77946949005127 2
19.648637771606445 14.668376922607422 2
19.315786361694336 15.213576316833496 2
5.552177429199219 -24.673139572143555 7
-21.698888778686523 -14.289613723754883 7
-18.961835861206055 -13.431344032287598 7
-21.162708282470703 -15.048738479614258 7
-16.928083419799805 -13.811695098876953 7
18.66698455810547 -26.371809005737305 9
18.439939498901367 -25.827674865722656 9
-17.81302833557129 -16.979990005493164 9
-17.306486129760742 -13.696587562561035 7
-22.74546241760254 -18.543310165405273 6
-19.686607360839844 -16.99527931213379 7
-19.80179786682129 -16.92653465270996 7
-21.30040740966797 -14.893450736999512 7
17.90435028076172 13.373372077941895 2
18.246288299560547 -27.716135025024414 9
21.7264347076416 33.466644287109375 9
22.208087921142578 33.23588943481445 9
21.802677154541016 33.7513542175293 9
21.729766845703125 34.59968948364258 9
-40.20499801635742 11.013106346130371 9
-40.41597366333008 11.428043365478516 9
-39.63035583496094 11.939051628112793 9
23.40211296081543 -26.6810245513916 9
21.295217514038086 -27.106735229492188 9
21.429306030273438 -26.19931411743164 9
21.438674926757812 -26.700084686279297 9
23.301393508911133 -26.786815643310547 9
23.184968948364258 -27.949840545654297 9
-38.02975845336914 19.450233459472656 9
-11.815498352050781 -27.645648956298828 9
3.5193188190460205 44.63991165161133 1
41.72235870361328 -19.919334411621094 1
-31.47393798828125 22.397327423095703 9
-31.869064331054688 22.362565994262695 9
-35.08317947387695 20.294631958007812 9
-35.412227630615234 20.528945922851562 9
-35.12137222290039 20.90125846862793 9
-35.355865478515625 20.87320327758789 9
-30.95903778076172 22.995704650878906 9
-34.16862869262695 21.260147094726562 9
-34.505584716796875 12.771965980529785 9
-34.779327392578125 12.923964500427246 9
-32.31298828125 12.989856719970703 9
-35.7623291015625 13.349788665771484 9
-35.83367919921875 14.025725364685059 9
-35.817752838134766 13.109437942504883 9
-30.25929832458496 7.060391426086426 9
-32.55717849731445 11.359047889709473 9
-33.276607513427734 14.077086448669434 9
-32.990848541259766 13.814720153808594 9
14.083662986755371 40.860511779785156 1
12.52523136138916 41.485328674316406 1
12.9273042678833 41.11650085449219 1
14.821331977844238 40.67669677734375 1
12.346664428710938 41.7867431640625 1
41.40087127685547 -19.819971084594727 1
-32.28231430053711 9.756147384643555 9
-33.355003356933594 10.278383255004883 9
-31.52056884765625 8.284400939941406 9
-31.961132049560547 8.581613540649414 9
9.274892807006836 34.947540283203125 9
8.959657669067383 34.680355072021484 9
-36.91188049316406 11.64018440246582 9
-39.761478424072266 11.90237808227539 9
-33.91074752807617 6.9984636306762695 9
-35.779335021972656 10.725777626037598 9
-34.93630599975586 10.54775333404541 9
-34.89238739013672 10.67908763885498 9
-37.2773323059082 11.117496490478516 9
-4.049625396728516 22.41172218322754 9
32.25586700439453 -17.53733253479004 1
30.143505096435547 -26.139741897583008 9
-29.88301658630371 4.118621826171875 9
25.168394088745117 -17.84689712524414 9
20.887203216552734 35.61093521118164 9
-36.75044631958008 17.287343978881836 9
-36.74031448364258 17.286222457885742 9
-31.87784194946289 2.6479005813598633 9
-42.756690979003906 -4.689988136291504 9
-36.412105560302734 7.362852096557617 9
-36.95623779296875 5.362737655639648 9
-36.84366989135742 8.443229675292969 9
-35.651031494140625 6.73566198348999 9
-38.4463996887207 4.423360347747803 9
-38.36940383911133 4.6724958419799805 9
-35.081398010253906 4.294163227081299 9
-34.80721664428711 3.8434648513793945 9
-37.03495788574219 9.36950397491455 9
-37.39158248901367 9.188240051269531 9
-33.486846923828125 8.148821830749512 9
-33.47489929199219 7.934292793273926 9
-36.071048736572266 9.454641342163086 9
-34.799476623535156 5.645735740661621 9
-39.57843017578125 8.002594947814941 9
-35.75749206542969 8.50611686706543 9
-32.030189514160156 6.396439552307129 9
-34.12261962890625 5.795421600341797 9
-34.967071533203125 7.998534679412842 9
-34.349727630615234 8.87293529510498 9
-32.724212646484375 4.581552505493164 9
-32.96963882446289 4.162517547607422 9
-37.70477294921875 3.098605155944824 9
-37.34761428833008 3.0712664127349854 9
-37.362327575683594 6.716612339019775 9
-35.66633224487305 3.5833146572113037 9
-38.805057525634766 6.692235946655273 9
-35.13848114013672 3.3517491817474365 9
-37.80023956298828 7.273370742797852 9
-38.414329528808594 6.141427516937256 9
-36.366050720214844 6.4004225730896 9
-36.20490646362305 6.265953540802002 9
-37.16413879394531 7.2025299072265625 9
-39.26535415649414 5.842066287994385 9
-31.00967025756836 4.7715559005737305 9
-30.229534149169922 5.388967514038086 9
-29.741540908813477 9.803594589233398 9
-31.981748580932617 3.1023361682891846 9
-32.63031005859375 6.170690059661865 9
-33.12858581542969 5.215735912322998 9
-30.78513526916504 5.001101016998291 9
-39.894386291503906 -8.307700157165527 8
16.220260620117188 5.0707783699035645 4
49.60016632080078 21.417388916015625 3
49.62926483154297 21.521766662597656 3
55.581443786621094 16.05739974975586 3
54.53955078125 15.32896900177002 3
52.67897033691406 14.89515209197998 3
55.68547058105469 16.077329635620117 3
57.89338302612305 16.29987907409668 3
55.16648864746094 15.131206512451172 3
57.26084518432617 16.55116844177246 3
45.438777923583984 18.399316787719727 9
58.047996520996094 18.60188102722168 3
37.68682098388672 18.716577529907227 9
57.38121795654297 17.66301918029785 3
48.895286560058594 18.206331253051758 3
50.237083435058594 18.207088470458984 3
51.13084411621094 17.132959365844727 3
50.761756896972656 16.07086181640625 3
53.41484451293945 13.334543228149414 3
53.46604537963867 12.639793395996094 3
53.57199478149414 12.473615646362305 3
52.50837707519531 14.317641258239746 3
53.9334602355957 13.21837329864502 3
54.83686065673828 16.8410587310791 3
58.695228576660156 17.386554718017578 3
54.36703872680664 13.808663368225098 3
58.692604064941406 17.285400390625 3
49.268009185791016 18.078697204589844 3
50.63964080810547 17.929603576660156 3
41.94607925415039 21.72610855102539 9
-18.947336196899414 -14.837392807006836 7
-39.4793815612793 -15.452978134155273 8
-40.33125305175781 -10.458984375 8
-40.025264739990234 -11.54352855682373 8
-38.1474723815918 -6.2360358238220215 8
-39.96575164794922 -11.696999549865723 8
-39.78273010253906 -8.498188972473145 8
-38.100624084472656 -6.340139389038086 8
-39.246978759765625 -16.346574783325195 8
-40.71653747558594 -7.078890800476074 8
-38.308589935302734 -6.274753570556641 8
-40.95754623413086 -6.627910137176514 8
-62.28325271606445 -4.060063362121582 8
-59.938655853271484 -4.7457756996154785 8
-62.33183670043945 -4.977504730224609 8
-60.93867874145508 -4.958934783935547 8
-21.82810401916504 -26.22739028930664 0
-20.957279205322266 -27.49202537536621 0
-60.110595703125 -1.6161987781524658 8
-60.114845275878906 -1.6524332761764526 8
-59.533382415771484 -3.858588695526123 8
-57.115081787109375 -10.594717025756836 8
-60.23012161254883 -7.843405246734619 8
-59.599029541015625 -6.594183921813965 8
-34.274627685546875 0.9360623955726624 8
-57.49292755126953 -8.342824935913086 8
-59.31930160522461 -8.258216857910156 8
-59.035423278808594 -6.67563533782959 8
-56.90617752075195 -6.966134071350098 8
-57.57278060913086 -6.017894268035889 8
-54.889671325683594 -12.318557739257812 8
-60.02644729614258 -8.311626434326172 8
-59.4026985168457 -5.712972640991211 8
-46.013309478759766 -10.422929763793945 8
-55.60374450683594 -9.84121322631836 8
-58.758548736572266 -10.47597885131836 8
-53.49617004394531 -6.742372512817383 8
-53.26148223876953 -6.793182849884033 8
-58.78973388671875 -9.302145004272461 8
-44.456459045410156 -5.108007431030273 8
-38.69697189331055 -20.50004005432129 8
-59.46628952026367 -5.5139479637146 8
-57.737525939941406 -9.7294921875 8
-57.73337173461914 -9.030350685119629 8
-57.944576263427734 -11.157820701599121 8
-61.27070236206055 -6.98137092590332 8
-60.68514633178711 -6.308871746063232 8
-55.101383209228516 -11.603514671325684 8
-57.85076141357422 -5.695354461669922 8
-58.08217239379883 -4.931514263153076 8
-48.78535079956055 -14.245325088500977 8
-50.62571716308594 -13.2201509475708 8
-49.153282165527344 -15.592875480651855 8
-50.01890182495117 -13.849023818969727 8
-25.66258430480957 -28.58884620666504 0
-52.78152847290039 -12.587380409240723 8
-50.74407196044922 -13.104595184326172 8
-36.650543212890625 -16.222414016723633 8
-37.27494430541992 -16.932498931884766 8
-39.04581832885742 -18.778114318847656 8
-52.95595932006836 -9.16021728515625 8
-52.67404556274414 -9.66892147064209 8
-53.05170822143555 -9.613587379455566 8
-46.0159797668457 -7.533086776733398 8
-46.25925827026367 -7.82677698135376 8
-48.29121017456055 -18.075002670288086 8
-51.05418395996094 -15.245710372924805 8
-44.126041412353516 -18.597230911254883 8
-45.51518249511719 -10.755878448486328 8
-49.19347381591797 -15.990763664245605 8
-49.34312057495117 -17.764039993286133 8
-49.70576858520508 -19.008323669433594 8
-50.12533187866211 -20.145099639892578 8
-50.21541976928711 -20.617536544799805 8
-49.587520599365234 -19.834108352661133 8
-49.42937469482422 -18.194229125976562 8
-51.010658264160156 -18.432100296020508 8
-51.4092903137207 -18.737924575805664 8
-51.07058334350586 -19.547374725341797 8
-51.164981842041016 -20.335269927978516 8
-51.585140228271484 -19.664976119995117 8
-50.48667526245117 -18.510684967041016 8
-51.63055419921875 -15.765104293823242 8
-42.954315185546875 -18.86742401123047 8
-23.410917282104492 -26.587520599365234 0
-22.342348098754883 -29.07495880126953 0
-40.2205696105957 -17.70122528076172 8
-39.968441009521484 -17.75568962097168 8
-22.467775344848633 -37.43234634399414 0
-53.679298400878906 -12.284809112548828 8
-41.203304290771484 -19.22752571105957 8
-23.847322463989258 -26.811161041259766 0
-14.401488304138184 -36.938804626464844 0
-38.60436248779297 -18.129732131958008 8
-39.88080596923828 -20.298858642578125 8
-50.987239837646484 -6.161093235015869 8
-21.343597412109375 -39.3095817565918 0
-17.776477813720703 -41.252235412597656 0
-16.573171615600586 -42.7832145690918 0
-16.805856704711914 -38.937557220458984 0
-16.22557258605957 -39.384586334228516 0
-17.09537124633789 -38.53746795654297 0
-16.664447784423828 -41.65591049194336 0
-17.68412208557129 -40.99469757080078 0
-16.28209686279297 -40.686546325683594 0
-17.373262405395508 -39.80672073364258 0
-16.468318939208984 -39.71234130859375 0
-17.393537521362305 -39.201416015625 0
-15.509757041931152 -40.738182067871094 0
-41.881710052490234 -20.88726234436035 8
-41.66864776611328 -20.746679306030273 8
-49.043052673339844 -10.395552635192871 8
-39.26117706298828 1.8983088731765747 8
-53.09431838989258 -3.593496561050415 8
-52.41798782348633 -3.545309543609619 8
-49.969974517822266 -6.920153617858887 8
-47.022605895996094 -12.230973243713379 8
-45.86125183105469 -12.380009651184082 8
-51.37327194213867 -7.946063041687012 8
-52.09949493408203 -7.472361087799072 8
-51.049068450927734 -7.449699878692627 8
-51.491050720214844 -7.894503593444824 8
-51.482688903808594 -6.7563157081604 8
-46.75241470336914 -11.549180030822754 8
-45.80881118774414 -12.17124080657959 8
-41.693023681640625 -17.589799880981445 8
-38.952205657958984 -8.593666076660156 8
-46.962158203125 -13.087575912475586 8
-37.728004455566406 -19.160123825073242 8
-37.85606002807617 -19.291887283325195 8
-18.208837509155273 -30.034650802612305 0
-18.06049919128418 -30.20704460144043 0
-50.93196487426758 -9.657793998718262 8
-25.323286056518555 -33.72298812866211 0
-20.611492156982422 -28.228961944580078 0
-19.862695693969727 -25.360620498657227 0
-20.42304229736328 -24.019550323486328 0
-52.23854446411133 -15.534811973571777 8
-52.930320739746094 -15.454761505126953 8
-41.29160690307617 -16.56538200378418 8
-45.07364273071289 -12.141140937805176 8
-44.7519645690918 -12.378519058227539 8
-39.83938217163086 -18.621496200561523 8
-48.59491729736328 -6.996166229248047 8
-48.384883880615234 -7.002195358276367 8
-22.795217514038086 -38.288909912109375 0
-37.08440399169922 -21.24798011779785 8
-36.21934509277344 -21.67613410949707 8
-44.95412826538086 -5.949306964874268 8
-62.28614807128906 -5.969595909118652 8
-62.45876693725586 -6.404351711273193 8
-60.87273025512695 -5.139260768890381 8
-23.578269958496094 -22.75441551208496 0
-21.136131286621094 -30.493263244628906 0
-25.85184097290039 -33.515419006347656 0
-22.93631935119629 -30.222219467163086 0
-53.924129486083984 -12.11348819732666 8
-25.543716430664062 -34.900611877441406 0
-21.299301147460938 -20.33491325378418 7
-21.171815872192383 -20.273752212524414 7
-21.164216995239258 -18.176034927368164 7
-22.026470184326172 -17.23873519897461 7
-24.302120208740234 -19.054208755493164 7
-22.5648250579834 -17.488601684570312 7
-24.443052291870117 -25.983612060546875 0
-16.800092697143555 -43.50856018066406 0
-58.25843811035156 -3.220733880996704 8
-58.24972915649414 -3.888432502746582 8
-53.54812240600586 -3.578458786010742 8
-39.75739288330078 -22.425079345703125 8
-39.95737075805664 -22.67331886291504 8
-44.85115051269531 -9.841778755187988 8
-42.72649383544922 -13.21633243560791 8
-42.740413665771484 -13.20417308807373 8
-16.158477783203125 -12.456318855285645 7
-20.10109519958496 -33.277889251708984 0
-22.096221923828125 -32.554290771484375 0
-22.49220085144043 -37.50365447998047 0
-24.454383850097656 -27.218536376953125 0
-14.76767349243164 -37.43047332763672 0
-22.104724884033203 -33.47709274291992 0
-21.699234008789062 -31.533794403076172 0
-18.97243881225586 -37.57243347167969 0
-23.585468292236328 -22.856706619262695 0
-21.349159240722656 -30.563304901123047 0
-24.18511390686035 -31.5936222076416 0
-23.43291473388672 -31.05829429626465 0
-18.50821876525879 -43.5147819519043 0
-24.900028228759766 -26.997392654418945 0
-14.650531768798828 -39.06117248535156 0
-29.179529190063477 -32.70437240600586 9
-24.96372413635254 -31.800222396850586 0
-14.625388145446777 -37.32744598388672 0
-7.027434825897217 -25.970844268798828 7
-7.099599838256836 -27.339351654052734 7
-7.003393173217773 -26.016366958618164 7
-25.864015579223633 -31.33234405517578 0
-15.110108375549316 -41.80561447143555 0
-49.48030471801758 -11.353476524353027 8
-39.32216262817383 -19.423234939575195 8
-49.17198944091797 -10.632180213928223 8
-40.05010986328125 -10.106292724609375 8
37.44004440307617 17.25749969482422 9
37.25257110595703 17.226682662963867 9
8.93061637878418 4.154914855957031 4
1.8686379194259644 -5.203845500946045 4
-23.321762084960938 -17.075286865234375 7
2.701986312866211 14.833553314208984 4
2.2166526317596436 14.792896270751953 4
-0.11181804537773132 14.865668296813965 4
0.45023927092552185 14.525588035583496 4
-0.3338111937046051 13.996015548706055 4
0.323207825422287 14.036359786987305 4
0.6321095824241638 17.33377456665039 4
-0.11131533235311508 16.537626266479492 4
9.406636238098145 2.5536277294158936 4
12.573737144470215 -14.140640258789062 9
2.961846113204956 13.450325965881348 4
2.352832555770874 13.728337287902832 4
1.4348396062850952 16.61743927001953 4
1.446276307106018 15.983642578125 4
53.24733352661133 20.245603561401367 3
54.343894958496094 18.501216888427734 3
56.75840759277344 21.54749870300293 3
54.23373031616211 19.452739715576172 3
52.595577239990234 19.09105110168457 3
55.43145751953125 22.13971519470215 3
52.375152587890625 19.448867797851562 3
52.794612884521484 19.05856704711914 3
54.959407806396484 18.65152931213379 3
56.858787536621094 21.53812599182129 3
56.09494400024414 20.13282585144043 3
56.99614334106445 19.753225326538086 3
54.346900939941406 21.5170955657959 3
55.98172378540039 20.623207092285156 3
55.057804107666016 19.724346160888672 3
55.48767852783203 22.010751724243164 3
55.06840896606445 20.547508239746094 3
56.07402038574219 19.200868606567383 3
54.034366607666016 21.193744659423828 3
54.458229064941406 20.33343505859375 3
4.406191349029541 -5.991528034210205 4
33.412376403808594 -5.1219801902771 6
51.748294830322266 20.29693603515625 3
37.55762481689453 25.710981369018555 3
20.78188705444336 -14.851165771484375 9
36.66071319580078 0.5943125486373901 9
8.427338600158691 -16.719934463500977 9
10.09418773651123 -16.821704864501953 9
39.4674072265625 -14.749980926513672 1
-17.802202224731445 -10.32302474975586 1
11.030855178833008 1.1932154893875122 4
24.457096099853516 -11.383066177368164 6
25.09317970275879 -12.58160400390625 6
24.937551498413086 -12.547740936279297 6
25.230607986450195 -12.599167823791504 6
7.498926162719727 25.013540267944336 5
11.317173957824707 13.62583065032959 2
-4.632283687591553 21.9881649017334 9
-0.47753405570983887 11.62846565246582 4
36.163394927978516 22.121763229370117 9
39.536170959472656 -15.874784469604492 1
21.48069953918457 -31.824113845825195 9
9.933747291564941 1.398693561553955 4
11.32653522491455 3.0331575870513916 4
-30.742023468017578 21.691736221313477 9
-31.417951583862305 21.746782302856445 9
11.737074851989746 -6.635605335235596 6
0.5694071650505066 7.801503658294678 4
10.077777862548828 -5.355821132659912 0
38.13283920288086 20.935739517211914 9
-6.982577323913574 22.702308654785156 9
-6.139392852783203 21.873659133911133 9
-6.072650909423828 21.823787689208984 9
-7.9963459968566895 23.14760398864746 9
-6.169986724853516 24.622480392456055 9
-6.176903247833252 24.90575408935547 9
-7.017792701721191 23.98130226135254 9
-5.9069342613220215 23.37093162536621 9
-8.228331565856934 21.510610580444336 9
-7.948056221008301 22.1849365234375 9
-7.268268585205078 24.291101455688477 9
-5.702285289764404 23.677682876586914 9
36.59680938720703 21.255136489868164 9
36.811424255371094 20.809165954589844 9
-9.017067909240723 -26.45860481262207 7
-3.937469005584717 24.512361526489258 9
-5.779587745666504 24.74273109436035 9
-16.455135345458984 -13.7841796875 7
-6.486111164093018 -23.62360382080078 7
-6.4177350997924805 -20.38167953491211 7
-4.914738178253174 -22.345966339111328 7
-6.3526997566223145 -23.685720443725586 7
-5.0726494789123535 -22.6513614654541 7
-7.346324443817139 -20.78683090209961 7
-5.2344279289245605 -25.08777618408203 7
-9.223045349121094 -24.90582847595215 7
-4.8114423751831055 -25.37621307373047 7
-8.175983428955078 -28.971084594726562 7
-7.48018741607666 -28.976917266845703 7
-6.492816925048828 -29.029329299926758 7
-6.248838901519775 -29.07745933532715 7
